-1.178750	-0.068250	748.728818
-1.178750	-0.064750	733.451033
-1.178750	-0.061250	730.673247
-1.178750	-0.057750	740.395461
-1.178750	-0.054250	756.109971
-1.178750	-0.050750	735.276649
-1.178750	-0.047250	726.943328
-1.178750	-0.043750	731.110007
-1.178750	-0.040250	747.776685
-1.178750	-0.036750	742.221114
-1.178750	-0.033250	728.332221
-1.178750	-0.029750	726.943328
-1.178750	-0.026250	738.054435
-1.178750	-0.022750	726.943328
-1.178750	-0.019250	707.498899
-1.178750	-0.015750	700.554471
-1.178750	-0.012250	706.110042
-1.178750	-0.008750	724.165614
-1.178750	-0.005250	754.721185
-1.178750	-0.001750	754.439669
-1.178750	0.001750	754.439669
-1.178750	0.005250	766.939669
-1.178750	0.008750	791.939669
-1.178750	0.012250	829.439669
-1.178750	0.015750	870.008105
-1.178750	0.019250	876.952534
-1.178750	0.022750	896.396962
-1.178750	0.026250	928.341391
-1.178750	0.029750	972.785820
-1.178750	0.033250	1004.601941
-1.178750	0.036750	1018.490834
-1.178750	0.040250	1044.879726
-1.178750	0.043750	1083.768619
-1.178750	0.047250	1128.297347
-1.178750	0.050750	1136.630668
-1.178750	0.054250	1157.463990
-1.178750	0.057750	1184.700244
-1.178750	0.061250	1174.978030
-1.178750	0.064750	1177.755815
-1.178750	0.068250	1193.033601
-1.136250	-0.068250	733.451171
-1.136250	-0.064750	718.173386
-1.136250	-0.061250	715.395600
-1.136250	-0.057750	725.117814
-1.136250	-0.054250	740.832324
-1.136250	-0.050750	719.999002
-1.136250	-0.047250	711.665681
-1.136250	-0.043750	715.832359
-1.136250	-0.040250	732.499038
-1.136250	-0.036750	726.943467
-1.136250	-0.033250	713.054574
-1.136250	-0.029750	711.665681
-1.136250	-0.026250	722.776788
-1.136250	-0.022750	711.665681
-1.136250	-0.019250	692.221252
-1.136250	-0.015750	685.276824
-1.136250	-0.012250	690.832395
-1.136250	-0.008750	708.887967
-1.136250	-0.005250	739.443538
-1.136250	-0.001750	739.162022
-1.136250	0.001750	739.162022
-1.136250	0.005250	751.662022
-1.136250	0.008750	776.662022
-1.136250	0.012250	814.162022
-1.136250	0.015750	854.730458
-1.136250	0.019250	861.674887
-1.136250	0.022750	881.119315
-1.136250	0.026250	913.063744
-1.136250	0.029750	957.508172
-1.136250	0.033250	989.324294
-1.136250	0.036750	1003.213187
-1.136250	0.040250	1029.602079
-1.136250	0.043750	1068.490972
-1.136250	0.047250	1113.019700
-1.136250	0.050750	1121.353021
-1.136250	0.054250	1142.186343
-1.136250	0.057750	1169.422597
-1.136250	0.061250	1159.700382
-1.136250	0.064750	1162.478168
-1.136250	0.068250	1177.755954
-1.093750	-0.068250	730.673524
-1.093750	-0.064750	715.395739
-1.093750	-0.061250	712.617953
-1.093750	-0.057750	722.340167
-1.093750	-0.054250	738.054677
-1.093750	-0.050750	717.221355
-1.093750	-0.047250	708.888034
-1.093750	-0.043750	713.054712
-1.093750	-0.040250	729.721391
-1.093750	-0.036750	724.165820
-1.093750	-0.033250	710.276927
-1.093750	-0.029750	708.888034
-1.093750	-0.026250	719.999141
-1.093750	-0.022750	708.888034
-1.093750	-0.019250	689.443605
-1.093750	-0.015750	682.499177
-1.093750	-0.012250	688.054748
-1.093750	-0.008750	706.110320
-1.093750	-0.005250	736.665891
-1.093750	-0.001750	736.384375
-1.093750	0.001750	736.384375
-1.093750	0.005250	748.884375
-1.093750	0.008750	773.884375
-1.093750	0.012250	811.384375
-1.093750	0.015750	851.952811
-1.093750	0.019250	858.897240
-1.093750	0.022750	878.341668
-1.093750	0.026250	910.286097
-1.093750	0.029750	954.730525
-1.093750	0.033250	986.546647
-1.093750	0.036750	1000.435539
-1.093750	0.040250	1026.824432
-1.093750	0.043750	1065.713325
-1.093750	0.047250	1110.242053
-1.093750	0.050750	1118.575374
-1.093750	0.054250	1139.408696
-1.093750	0.057750	1166.644950
-1.093750	0.061250	1156.922735
-1.093750	0.064750	1159.700521
-1.093750	0.068250	1174.978307
-1.051250	-0.068250	740.395877
-1.051250	-0.064750	725.118092
-1.051250	-0.061250	722.340306
-1.051250	-0.057750	732.062520
-1.051250	-0.054250	747.777030
-1.051250	-0.050750	726.943708
-1.051250	-0.047250	718.610387
-1.051250	-0.043750	722.777065
-1.051250	-0.040250	727.794275
-1.051250	-0.036750	701.405382
-1.051250	-0.033250	687.516489
-1.051250	-0.029750	686.127596
-1.051250	-0.026250	697.238703
-1.051250	-0.022750	678.941594
-1.051250	-0.019250	659.497166
-1.051250	-0.015750	652.552737
-1.051250	-0.012250	658.108309
-1.051250	-0.008750	676.163880
-1.051250	-0.005250	706.719452
-1.051250	-0.001750	719.095218
-1.051250	0.001750	719.095218
-1.051250	0.005250	731.595218
-1.051250	0.008750	756.595218
-1.051250	0.012250	794.095218
-1.051250	0.015750	843.308100
-1.051250	0.019250	850.252528
-1.051250	0.022750	869.696957
-1.051250	0.026250	901.641386
-1.051250	0.029750	946.085814
-1.051250	0.033250	996.269000
-1.051250	0.036750	1010.157892
-1.051250	0.040250	1036.546785
-1.051250	0.043750	1075.435678
-1.051250	0.047250	1119.964406
-1.051250	0.050750	1128.297727
-1.051250	0.054250	1149.131049
-1.051250	0.057750	1176.367303
-1.051250	0.061250	1166.645088
-1.051250	0.064750	1169.422874
-1.051250	0.068250	1184.700660
-1.008750	-0.068250	746.163572
-1.008750	-0.064750	730.885786
-1.008750	-0.061250	728.108000
-1.008750	-0.057750	737.830215
-1.008750	-0.054250	722.094249
-1.008750	-0.050750	701.260928
-1.008750	-0.047250	692.927606
-1.008750	-0.043750	697.094285
-1.008750	-0.040250	694.460951
-1.008750	-0.036750	668.072058
-1.008750	-0.033250	654.183165
-1.008750	-0.029750	652.794272
-1.008750	-0.026250	663.905380
-1.008750	-0.022750	645.608271
-1.008750	-0.019250	626.163842
-1.008750	-0.015750	619.219414
-1.008750	-0.012250	624.774985
-1.008750	-0.008750	642.830557
-1.008750	-0.005250	673.386128
-1.008750	-0.001750	685.761895
-1.008750	0.001750	685.761895
-1.008750	0.005250	698.261895
-1.008750	0.008750	723.261895
-1.008750	0.012250	760.761895
-1.008750	0.015750	809.974776
-1.008750	0.019250	816.919205
-1.008750	0.022750	836.363633
-1.008750	0.026250	868.308062
-1.008750	0.029750	912.752491
-1.008750	0.033250	969.696919
-1.008750	0.036750	1005.876764
-1.008750	0.040250	1032.265657
-1.008750	0.043750	1071.154550
-1.008750	0.047250	1122.543443
-1.008750	0.050750	1150.520080
-1.008750	0.054250	1171.353402
-1.008750	0.057750	1198.589656
-1.008750	0.061250	1188.867441
-1.008750	0.064750	1191.645227
-1.008750	0.068250	1206.923013
-0.966250	-0.068250	725.330248
-0.966250	-0.064750	710.052463
-0.966250	-0.061250	707.274677
-0.966250	-0.057750	716.996891
-0.966250	-0.054250	701.260926
-0.966250	-0.050750	680.427604
-0.966250	-0.047250	672.094283
-0.966250	-0.043750	676.260961
-0.966250	-0.040250	673.627627
-0.966250	-0.036750	647.238735
-0.966250	-0.033250	633.349842
-0.966250	-0.029750	631.960949
-0.966250	-0.026250	643.072056
-0.966250	-0.022750	624.774947
-0.966250	-0.019250	605.330519
-0.966250	-0.015750	598.386090
-0.966250	-0.012250	603.941662
-0.966250	-0.008750	621.997233
-0.966250	-0.005250	652.552805
-0.966250	-0.001750	664.928571
-0.966250	0.001750	664.928571
-0.966250	0.005250	677.428571
-0.966250	0.008750	702.428571
-0.966250	0.012250	739.928571
-0.966250	0.015750	789.141453
-0.966250	0.019250	796.085881
-0.966250	0.022750	815.530310
-0.966250	0.026250	847.474738
-0.966250	0.029750	891.919167
-0.966250	0.033250	948.863596
-0.966250	0.036750	985.043441
-0.966250	0.040250	1011.432334
-0.966250	0.043750	1050.321227
-0.966250	0.047250	1101.710119
-0.966250	0.050750	1153.574686
-0.966250	0.054250	1174.408007
-0.966250	0.057750	1207.741329
-0.966250	0.061250	1223.589794
-0.966250	0.064750	1226.367580
-0.966250	0.068250	1241.645366
-0.923750	-0.068250	716.996925
-0.923750	-0.064750	701.719139
-0.923750	-0.061250	698.941353
-0.923750	-0.057750	708.663568
-0.923750	-0.054250	692.927602
-0.923750	-0.050750	672.094281
-0.923750	-0.047250	663.760959
-0.923750	-0.043750	667.927638
-0.923750	-0.040250	665.294304
-0.923750	-0.036750	638.905411
-0.923750	-0.033250	625.016518
-0.923750	-0.029750	623.627625
-0.923750	-0.026250	634.738733
-0.923750	-0.022750	611.573632
-0.923750	-0.019250	592.129203
-0.923750	-0.015750	585.184775
-0.923750	-0.012250	590.740346
-0.923750	-0.008750	608.795917
-0.923750	-0.005250	627.915716
-0.923750	-0.001750	615.415716
-0.923750	0.001750	615.415716
-0.923750	0.005250	627.915716
-0.923750	0.008750	652.915716
-0.923750	0.012250	690.415716
-0.923750	0.015750	740.415716
-0.923750	0.019250	774.461065
-0.923750	0.022750	793.905494
-0.923750	0.026250	825.849922
-0.923750	0.029750	870.294351
-0.923750	0.033250	927.238780
-0.923750	0.036750	976.710117
-0.923750	0.040250	1003.099010
-0.923750	0.043750	1041.987903
-0.923750	0.047250	1093.376796
-0.923750	0.050750	1145.241362
-0.923750	0.054250	1166.074684
-0.923750	0.057750	1199.408005
-0.923750	0.061250	1234.615229
-0.923750	0.064750	1237.393014
-0.923750	0.068250	1252.670800
-0.881250	-0.068250	721.163601
-0.881250	-0.064750	705.885816
-0.881250	-0.061250	703.108030
-0.881250	-0.057750	712.830244
-0.881250	-0.054250	697.094278
-0.881250	-0.050750	676.260957
-0.881250	-0.047250	667.927636
-0.881250	-0.043750	672.094314
-0.881250	-0.040250	639.387998
-0.881250	-0.036750	612.999105
-0.881250	-0.033250	599.110212
-0.881250	-0.029750	597.721319
-0.881250	-0.026250	592.129178
-0.881250	-0.022750	560.184749
-0.881250	-0.019250	540.740321
-0.881250	-0.015750	533.795892
-0.881250	-0.012250	539.351464
-0.881250	-0.008750	557.407035
-0.881250	-0.005250	576.526833
-0.881250	-0.001750	564.026833
-0.881250	0.001750	564.026833
-0.881250	0.005250	576.526833
-0.881250	0.008750	601.526833
-0.881250	0.012250	639.026833
-0.881250	0.015750	689.026833
-0.881250	0.019250	723.072183
-0.881250	0.022750	742.516611
-0.881250	0.026250	774.461040
-0.881250	0.029750	818.905469
-0.881250	0.033250	875.849897
-0.881250	0.036750	945.294326
-0.881250	0.040250	1007.265687
-0.881250	0.043750	1046.154580
-0.881250	0.047250	1097.543472
-0.881250	0.050750	1149.408039
-0.881250	0.054250	1170.241360
-0.881250	0.057750	1203.574682
-0.881250	0.061250	1238.781905
-0.881250	0.064750	1241.559691
-0.881250	0.068250	1256.837476
-0.838750	-0.068250	727.434455
-0.838750	-0.064750	712.156669
-0.838750	-0.061250	709.378884
-0.838750	-0.057750	699.368988
-0.838750	-0.054250	666.035666
-0.838750	-0.050750	645.202345
-0.838750	-0.047250	636.869023
-0.838750	-0.043750	639.388008
-0.838750	-0.040250	600.499115
-0.838750	-0.036750	574.110223
-0.838750	-0.033250	560.221330
-0.838750	-0.029750	558.832437
-0.838750	-0.026250	553.240296
-0.838750	-0.022750	521.295867
-0.838750	-0.019250	501.851438
-0.838750	-0.015750	494.907010
-0.838750	-0.012250	500.462581
-0.838750	-0.008750	518.518153
-0.838750	-0.005250	537.637951
-0.838750	-0.001750	525.137951
-0.838750	0.001750	525.137951
-0.838750	0.005250	537.637951
-0.838750	0.008750	562.637951
-0.838750	0.012250	600.137951
-0.838750	0.015750	650.137951
-0.838750	0.019250	684.183301
-0.838750	0.022750	703.627729
-0.838750	0.026250	735.572158
-0.838750	0.029750	780.016586
-0.838750	0.033250	836.961015
-0.838750	0.036750	906.405443
-0.838750	0.040250	976.523877
-0.838750	0.043750	1015.412769
-0.838750	0.047250	1066.801662
-0.838750	0.050750	1130.690555
-0.838750	0.054250	1186.908037
-0.838750	0.057750	1220.241358
-0.838750	0.061250	1255.448582
-0.838750	0.064750	1258.226367
-0.838750	0.068250	1273.504153
-0.796250	-0.068250	701.045573
-0.796250	-0.064750	685.767787
-0.796250	-0.061250	682.990001
-0.796250	-0.057750	672.980105
-0.796250	-0.054250	639.646784
-0.796250	-0.050750	618.813462
-0.796250	-0.047250	610.480141
-0.796250	-0.043750	612.999126
-0.796250	-0.040250	574.110233
-0.796250	-0.036750	547.721340
-0.796250	-0.033250	533.832447
-0.796250	-0.029750	532.443554
-0.796250	-0.026250	526.851413
-0.796250	-0.022750	494.906985
-0.796250	-0.019250	475.462556
-0.796250	-0.015750	468.518128
-0.796250	-0.012250	474.073699
-0.796250	-0.008750	492.129270
-0.796250	-0.005250	510.179542
-0.796250	-0.001750	497.679542
-0.796250	0.001750	497.679542
-0.796250	0.005250	510.179542
-0.796250	0.008750	535.179542
-0.796250	0.012250	572.679542
-0.796250	0.015750	622.679542
-0.796250	0.019250	657.794418
-0.796250	0.022750	677.238847
-0.796250	0.026250	709.183275
-0.796250	0.029750	753.627704
-0.796250	0.033250	810.572132
-0.796250	0.036750	880.016561
-0.796250	0.040250	950.134994
-0.796250	0.043750	989.023887
-0.796250	0.047250	1040.412780
-0.796250	0.050750	1104.301673
-0.796250	0.054250	1180.690566
-0.796250	0.057750	1239.560379
-0.796250	0.061250	1284.615258
-0.796250	0.064750	1287.393044
-0.796250	0.068250	1302.670829
-0.753750	-0.068250	687.156690
-0.753750	-0.064750	671.878905
-0.753750	-0.061250	669.101119
-0.753750	-0.057750	659.091223
-0.753750	-0.054250	625.757901
-0.753750	-0.050750	604.924580
-0.753750	-0.047250	596.591259
-0.753750	-0.043750	599.110244
-0.753750	-0.040250	560.221351
-0.753750	-0.036750	533.832458
-0.753750	-0.033250	519.943565
-0.753750	-0.029750	518.554672
-0.753750	-0.026250	512.962531
-0.753750	-0.022750	481.018102
-0.753750	-0.019250	461.573674
-0.753750	-0.015750	454.629245
-0.753750	-0.012250	460.184817
-0.753750	-0.008750	465.735101
-0.753750	-0.005250	440.735101
-0.753750	-0.001750	428.235101
-0.753750	0.001750	428.235101
-0.753750	0.005250	440.735101
-0.753750	0.008750	465.735101
-0.753750	0.012250	503.235101
-0.753750	0.015750	553.235101
-0.753750	0.019250	615.735101
-0.753750	0.022750	654.023141
-0.753750	0.026250	685.967569
-0.753750	0.029750	730.411998
-0.753750	0.033250	787.356426
-0.753750	0.036750	856.800855
-0.753750	0.040250	936.246112
-0.753750	0.043750	975.135005
-0.753750	0.047250	1026.523898
-0.753750	0.050750	1090.412790
-0.753750	0.054250	1166.801683
-0.753750	0.057750	1225.671497
-0.753750	0.061250	1271.504818
-0.753750	0.064750	1314.666852
-0.753750	0.068250	1329.944637
-0.711250	-0.068250	685.767808
-0.711250	-0.064750	670.490022
-0.711250	-0.061250	667.712237
-0.711250	-0.057750	657.702340
-0.711250	-0.054250	624.369019
-0.711250	-0.050750	603.535698
-0.711250	-0.047250	595.202376
-0.711250	-0.043750	597.721361
-0.711250	-0.040250	558.832468
-0.711250	-0.036750	532.443575
-0.711250	-0.033250	518.554683
-0.711250	-0.029750	517.165790
-0.711250	-0.026250	511.573649
-0.711250	-0.022750	479.629220
-0.711250	-0.019250	460.184791
-0.711250	-0.015750	453.240363
-0.711250	-0.012250	446.290659
-0.711250	-0.008750	408.790659
-0.711250	-0.005250	383.790659
-0.711250	-0.001750	371.290659
-0.711250	0.001750	371.290659
-0.711250	0.005250	383.790659
-0.711250	0.008750	408.790659
-0.711250	0.012250	446.290659
-0.711250	0.015750	496.290659
-0.711250	0.019250	558.790659
-0.711250	0.022750	597.078699
-0.711250	0.026250	629.023128
-0.711250	0.029750	673.467557
-0.711250	0.033250	730.411985
-0.711250	0.036750	799.856414
-0.711250	0.040250	881.800842
-0.711250	0.043750	973.746122
-0.711250	0.047250	1025.135015
-0.711250	0.050750	1089.023908
-0.711250	0.054250	1165.412801
-0.711250	0.057750	1224.282614
-0.711250	0.061250	1270.115936
-0.711250	0.064750	1313.277969
-0.711250	0.068250	1328.555755
-0.668750	-0.068250	696.878926
-0.668750	-0.064750	681.601140
-0.668750	-0.061250	678.823354
-0.668750	-0.057750	668.813458
-0.668750	-0.054250	635.480137
-0.668750	-0.050750	614.646815
-0.668750	-0.047250	606.313494
-0.668750	-0.043750	608.832479
-0.668750	-0.040250	569.943586
-0.668750	-0.036750	543.554693
-0.668750	-0.033250	529.665800
-0.668750	-0.029750	525.567145
-0.668750	-0.026250	481.122716
-0.668750	-0.022750	449.178287
-0.668750	-0.019250	429.733859
-0.668750	-0.015750	422.789430
-0.668750	-0.012250	401.846218
-0.668750	-0.008750	364.346218
-0.668750	-0.005250	339.346218
-0.668750	-0.001750	326.846218
-0.668750	0.001750	326.846218
-0.668750	0.005250	339.346218
-0.668750	0.008750	364.346218
-0.668750	0.012250	401.846218
-0.668750	0.015750	451.846218
-0.668750	0.019250	514.346218
-0.668750	0.022750	552.634258
-0.668750	0.026250	584.578687
-0.668750	0.029750	629.023115
-0.668750	0.033250	685.967544
-0.668750	0.036750	755.411973
-0.668750	0.040250	837.356401
-0.668750	0.043750	931.800830
-0.668750	0.047250	1036.246133
-0.668750	0.050750	1100.135026
-0.668750	0.054250	1176.523919
-0.668750	0.057750	1235.393732
-0.668750	0.061250	1281.227053
-0.668750	0.064750	1324.389087
-0.668750	0.068250	1339.666873
-0.626250	-0.068250	692.661639
-0.626250	-0.064750	677.383853
-0.626250	-0.061250	674.606067
-0.626250	-0.057750	673.592053
-0.626250	-0.054250	640.258731
-0.626250	-0.050750	619.425410
-0.626250	-0.047250	611.092088
-0.626250	-0.043750	585.244403
-0.626250	-0.040250	546.355510
-0.626250	-0.036750	519.966617
-0.626250	-0.033250	506.077724
-0.626250	-0.029750	493.622703
-0.626250	-0.026250	449.178275
-0.626250	-0.022750	417.233846
-0.626250	-0.019250	397.789418
-0.626250	-0.015750	390.844989
-0.626250	-0.012250	369.901777
-0.626250	-0.008750	332.401777
-0.626250	-0.005250	307.401777
-0.626250	-0.001750	294.901777
-0.626250	0.001750	294.901777
-0.626250	0.005250	307.401777
-0.626250	0.008750	332.401777
-0.626250	0.012250	369.901777
-0.626250	0.015750	419.901777
-0.626250	0.019250	482.401777
-0.626250	0.022750	520.689817
-0.626250	0.026250	552.634246
-0.626250	0.029750	597.078674
-0.626250	0.033250	654.023103
-0.626250	0.036750	723.467531
-0.626250	0.040250	805.411960
-0.626250	0.043750	899.856389
-0.626250	0.047250	1006.800817
-0.626250	0.050750	1072.494655
-0.626250	0.054250	1148.883548
-0.626250	0.057750	1237.772441
-0.626250	0.061250	1304.838171
-0.626250	0.064750	1348.000205
-0.626250	0.068250	1363.277990
-0.583750	-0.068250	673.217197
-0.583750	-0.064750	657.939412
-0.583750	-0.061250	655.161626
-0.583750	-0.057750	654.147611
-0.583750	-0.054250	620.814290
-0.583750	-0.050750	599.980969
-0.583750	-0.047250	591.647647
-0.583750	-0.043750	565.799962
-0.583750	-0.040250	526.911069
-0.583750	-0.036750	500.522176
-0.583750	-0.033250	486.633283
-0.583750	-0.029750	474.178262
-0.583750	-0.026250	429.733834
-0.583750	-0.022750	397.789405
-0.583750	-0.019250	378.344976
-0.583750	-0.015750	371.400548
-0.583750	-0.012250	350.457336
-0.583750	-0.008750	312.957336
-0.583750	-0.005250	287.957336
-0.583750	-0.001750	275.457336
-0.583750	0.001750	275.457336
-0.583750	0.005250	287.957336
-0.583750	0.008750	312.957336
-0.583750	0.012250	350.457336
-0.583750	0.015750	400.457336
-0.583750	0.019250	462.957336
-0.583750	0.022750	501.245376
-0.583750	0.026250	533.189805
-0.583750	0.029750	577.634233
-0.583750	0.033250	634.578662
-0.583750	0.036750	704.023090
-0.583750	0.040250	785.967519
-0.583750	0.043750	880.411947
-0.583750	0.047250	987.356376
-0.583750	0.050750	1053.050214
-0.583750	0.054250	1129.439107
-0.583750	0.057750	1218.328000
-0.583750	0.061250	1307.568450
-0.583750	0.064750	1365.901771
-0.583750	0.068250	1399.389108
-0.541250	-0.068250	666.272756
-0.541250	-0.064750	650.994971
-0.541250	-0.061250	648.217185
-0.541250	-0.057750	647.203170
-0.541250	-0.054250	613.869849
-0.541250	-0.050750	593.036527
-0.541250	-0.047250	584.703206
-0.541250	-0.043750	558.855521
-0.541250	-0.040250	519.966628
-0.541250	-0.036750	493.577735
-0.541250	-0.033250	479.688842
-0.541250	-0.029750	467.233821
-0.541250	-0.026250	422.789392
-0.541250	-0.022750	390.844964
-0.541250	-0.019250	371.400535
-0.541250	-0.015750	364.456107
-0.541250	-0.012250	343.512895
-0.541250	-0.008750	306.012895
-0.541250	-0.005250	281.012895
-0.541250	-0.001750	268.512895
-0.541250	0.001750	268.512895
-0.541250	0.005250	281.012895
-0.541250	0.008750	306.012895
-0.541250	0.012250	343.512895
-0.541250	0.015750	393.512895
-0.541250	0.019250	456.012895
-0.541250	0.022750	494.300935
-0.541250	0.026250	526.245363
-0.541250	0.029750	570.689792
-0.541250	0.033250	627.634221
-0.541250	0.036750	697.078649
-0.541250	0.040250	779.023078
-0.541250	0.043750	873.467506
-0.541250	0.047250	980.411935
-0.541250	0.050750	1046.105773
-0.541250	0.054250	1122.494666
-0.541250	0.057750	1211.383558
-0.541250	0.061250	1300.624008
-0.541250	0.064750	1358.957330
-0.541250	0.068250	1421.679417
-0.498750	-0.068250	671.828315
-0.498750	-0.064750	656.550529
-0.498750	-0.061250	653.772744
-0.498750	-0.057750	652.758729
-0.498750	-0.054250	619.425408
-0.498750	-0.050750	598.592086
-0.498750	-0.047250	590.258765
-0.498750	-0.043750	564.411079
-0.498750	-0.040250	525.522187
-0.498750	-0.036750	499.133294
-0.498750	-0.033250	485.244401
-0.498750	-0.029750	472.789380
-0.498750	-0.026250	428.344951
-0.498750	-0.022750	396.400523
-0.498750	-0.019250	376.956094
-0.498750	-0.015750	370.011666
-0.498750	-0.012250	349.068454
-0.498750	-0.008750	311.568454
-0.498750	-0.005250	286.568454
-0.498750	-0.001750	274.068454
-0.498750	0.001750	274.068454
-0.498750	0.005250	286.568454
-0.498750	0.008750	311.568454
-0.498750	0.012250	349.068454
-0.498750	0.015750	399.068454
-0.498750	0.019250	461.568454
-0.498750	0.022750	499.856494
-0.498750	0.026250	531.800922
-0.498750	0.029750	576.245351
-0.498750	0.033250	633.189779
-0.498750	0.036750	702.634208
-0.498750	0.040250	784.578636
-0.498750	0.043750	879.023065
-0.498750	0.047250	985.967494
-0.498750	0.050750	1051.661332
-0.498750	0.054250	1128.050224
-0.498750	0.057750	1216.939117
-0.498750	0.061250	1306.179567
-0.498750	0.064750	1364.512889
-0.498750	0.068250	1427.234976
-0.456250	-0.068250	689.883874
-0.456250	-0.064750	674.606088
-0.456250	-0.061250	671.828302
-0.456250	-0.057750	670.814288
-0.456250	-0.054250	637.480966
-0.456250	-0.050750	616.647645
-0.456250	-0.047250	608.314324
-0.456250	-0.043750	582.466638
-0.456250	-0.040250	543.577745
-0.456250	-0.036750	517.188853
-0.456250	-0.033250	503.299960
-0.456250	-0.029750	490.844939
-0.456250	-0.026250	446.400510
-0.456250	-0.022750	414.456081
-0.456250	-0.019250	395.011653
-0.456250	-0.015750	388.067224
-0.456250	-0.012250	367.124012
-0.456250	-0.008750	329.624012
-0.456250	-0.005250	304.624012
-0.456250	-0.001750	292.124012
-0.456250	0.001750	292.124012
-0.456250	0.005250	304.624012
-0.456250	0.008750	329.624012
-0.456250	0.012250	367.124012
-0.456250	0.015750	417.124012
-0.456250	0.019250	479.624012
-0.456250	0.022750	517.912052
-0.456250	0.026250	549.856481
-0.456250	0.029750	594.300910
-0.456250	0.033250	651.245338
-0.456250	0.036750	720.689767
-0.456250	0.040250	802.634195
-0.456250	0.043750	897.078624
-0.456250	0.047250	1004.023052
-0.456250	0.050750	1069.716890
-0.456250	0.054250	1146.105783
-0.456250	0.057750	1234.994676
-0.456250	0.061250	1324.235126
-0.456250	0.064750	1382.568448
-0.456250	0.068250	1445.290534
-0.413750	-0.068250	688.488894
-0.413750	-0.064750	673.211108
-0.413750	-0.061250	670.433322
-0.413750	-0.057750	680.155537
-0.413750	-0.054250	653.973817
-0.413750	-0.050750	633.140496
-0.413750	-0.047250	624.807174
-0.413750	-0.043750	613.022197
-0.413750	-0.040250	574.133304
-0.413750	-0.036750	547.744411
-0.413750	-0.033250	533.855519
-0.413750	-0.029750	521.400497
-0.413750	-0.026250	476.956069
-0.413750	-0.022750	445.011640
-0.413750	-0.019250	425.567212
-0.413750	-0.015750	418.622783
-0.413750	-0.012250	397.679571
-0.413750	-0.008750	360.179571
-0.413750	-0.005250	335.179571
-0.413750	-0.001750	322.679571
-0.413750	0.001750	322.679571
-0.413750	0.005250	335.179571
-0.413750	0.008750	360.179571
-0.413750	0.012250	397.679571
-0.413750	0.015750	447.679571
-0.413750	0.019250	510.179571
-0.413750	0.022750	548.467611
-0.413750	0.026250	580.412040
-0.413750	0.029750	624.856468
-0.413750	0.033250	681.800897
-0.413750	0.036750	751.245326
-0.413750	0.040250	833.189754
-0.413750	0.043750	927.634183
-0.413750	0.047250	1034.578611
-0.413750	0.050750	1100.272449
-0.413750	0.054250	1176.661342
-0.413750	0.057750	1265.550235
-0.413750	0.061250	1354.790685
-0.413750	0.064750	1413.124006
-0.413750	0.068250	1475.846093
-0.371250	-0.068250	675.988894
-0.371250	-0.064750	660.711108
-0.371250	-0.061250	657.933322
-0.371250	-0.057750	667.655537
-0.371250	-0.054250	641.473817
-0.371250	-0.050750	620.640496
-0.371250	-0.047250	612.307174
-0.371250	-0.043750	605.213416
-0.371250	-0.040250	566.324523
-0.371250	-0.036750	539.935630
-0.371250	-0.033250	526.046738
-0.371250	-0.029750	524.657845
-0.371250	-0.026250	499.206453
-0.371250	-0.022750	467.262025
-0.371250	-0.019250	447.817596
-0.371250	-0.015750	440.873168
-0.371250	-0.012250	440.735130
-0.371250	-0.008750	403.235130
-0.371250	-0.005250	378.235130
-0.371250	-0.001750	365.735130
-0.371250	0.001750	365.735130
-0.371250	0.005250	378.235130
-0.371250	0.008750	403.235130
-0.371250	0.012250	440.735130
-0.371250	0.015750	490.735130
-0.371250	0.019250	553.235130
-0.371250	0.022750	579.269088
-0.371250	0.026250	611.213517
-0.371250	0.029750	655.657946
-0.371250	0.033250	712.602374
-0.371250	0.036750	782.046803
-0.371250	0.040250	863.991231
-0.371250	0.043750	958.435660
-0.371250	0.047250	1065.380088
-0.371250	0.050750	1143.328008
-0.371250	0.054250	1219.716901
-0.371250	0.057750	1308.605794
-0.371250	0.061250	1397.846244
-0.371250	0.064750	1456.179565
-0.371250	0.068250	1518.901652
-0.328750	-0.068250	675.988894
-0.328750	-0.064750	660.711108
-0.328750	-0.061250	657.933322
-0.328750	-0.057750	667.655537
-0.328750	-0.054250	641.473817
-0.328750	-0.050750	620.640496
-0.328750	-0.047250	612.307174
-0.328750	-0.043750	605.213416
-0.328750	-0.040250	566.324523
-0.328750	-0.036750	539.935630
-0.328750	-0.033250	526.046738
-0.328750	-0.029750	524.657845
-0.328750	-0.026250	499.206453
-0.328750	-0.022750	467.262025
-0.328750	-0.019250	447.817596
-0.328750	-0.015750	440.873168
-0.328750	-0.012250	446.428739
-0.328750	-0.008750	427.158436
-0.328750	-0.005250	402.158436
-0.328750	-0.001750	389.658436
-0.328750	0.001750	389.658436
-0.328750	0.005250	402.158436
-0.328750	0.008750	427.158436
-0.328750	0.012250	464.658436
-0.328750	0.015750	514.658436
-0.328750	0.019250	559.824660
-0.328750	0.022750	579.269088
-0.328750	0.026250	611.213517
-0.328750	0.029750	655.657946
-0.328750	0.033250	712.602374
-0.328750	0.036750	782.046803
-0.328750	0.040250	863.991231
-0.328750	0.043750	958.435660
-0.328750	0.047250	1065.380088
-0.328750	0.050750	1162.691655
-0.328750	0.054250	1239.080548
-0.328750	0.057750	1327.969441
-0.328750	0.061250	1429.358334
-0.328750	0.064750	1511.735124
-0.328750	0.068250	1574.457211
-0.286250	-0.068250	688.488894
-0.286250	-0.064750	673.211108
-0.286250	-0.061250	670.433322
-0.286250	-0.057750	680.155537
-0.286250	-0.054250	653.973817
-0.286250	-0.050750	633.140496
-0.286250	-0.047250	624.807174
-0.286250	-0.043750	617.713416
-0.286250	-0.040250	578.824523
-0.286250	-0.036750	552.435630
-0.286250	-0.033250	538.546738
-0.286250	-0.029750	537.157845
-0.286250	-0.026250	511.706453
-0.286250	-0.022750	479.762025
-0.286250	-0.019250	460.317596
-0.286250	-0.015750	453.373168
-0.286250	-0.012250	458.928739
-0.286250	-0.008750	439.658436
-0.286250	-0.005250	414.658436
-0.286250	-0.001750	402.158436
-0.286250	0.001750	402.158436
-0.286250	0.005250	414.658436
-0.286250	0.008750	439.658436
-0.286250	0.012250	477.158436
-0.286250	0.015750	527.158436
-0.286250	0.019250	572.324660
-0.286250	0.022750	591.769088
-0.286250	0.026250	623.713517
-0.286250	0.029750	668.157946
-0.286250	0.033250	725.102374
-0.286250	0.036750	794.546803
-0.286250	0.040250	876.491231
-0.286250	0.043750	970.935660
-0.286250	0.047250	1077.880088
-0.286250	0.050750	1175.191655
-0.286250	0.054250	1251.580548
-0.286250	0.057750	1340.469441
-0.286250	0.061250	1441.858334
-0.286250	0.064750	1536.731453
-0.286250	0.068250	1606.106609
-0.243750	-0.068250	693.086978
-0.243750	-0.064750	677.809192
-0.243750	-0.061250	675.031407
-0.243750	-0.057750	684.753621
-0.243750	-0.054250	678.973817
-0.243750	-0.050750	658.140496
-0.243750	-0.047250	649.807174
-0.243750	-0.043750	642.713416
-0.243750	-0.040250	603.824523
-0.243750	-0.036750	577.435630
-0.243750	-0.033250	563.546738
-0.243750	-0.029750	562.157845
-0.243750	-0.026250	536.706453
-0.243750	-0.022750	504.762025
-0.243750	-0.019250	485.317596
-0.243750	-0.015750	478.373168
-0.243750	-0.012250	483.928739
-0.243750	-0.008750	464.658436
-0.243750	-0.005250	439.658436
-0.243750	-0.001750	427.158436
-0.243750	0.001750	427.158436
-0.243750	0.005250	439.658436
-0.243750	0.008750	464.658436
-0.243750	0.012250	502.158436
-0.243750	0.015750	552.158436
-0.243750	0.019250	597.324660
-0.243750	0.022750	616.769088
-0.243750	0.026250	648.713517
-0.243750	0.029750	693.157946
-0.243750	0.033250	750.102374
-0.243750	0.036750	819.546803
-0.243750	0.040250	901.491231
-0.243750	0.043750	995.935660
-0.243750	0.047250	1102.880088
-0.243750	0.050750	1200.191655
-0.243750	0.054250	1276.580548
-0.243750	0.057750	1365.469441
-0.243750	0.061250	1466.858334
-0.243750	0.064750	1561.731453
-0.243750	0.068250	1631.106609
-0.201250	-0.068250	675.031419
-0.201250	-0.064750	659.753634
-0.201250	-0.061250	656.975848
-0.201250	-0.057750	666.698062
-0.201250	-0.054250	661.292727
-0.201250	-0.050750	640.459405
-0.201250	-0.047250	632.126084
-0.201250	-0.043750	636.292762
-0.201250	-0.040250	611.117333
-0.201250	-0.036750	584.728441
-0.201250	-0.033250	570.839548
-0.201250	-0.029750	569.450655
-0.201250	-0.026250	574.206453
-0.201250	-0.022750	542.262025
-0.201250	-0.019250	522.817596
-0.201250	-0.015750	515.873168
-0.201250	-0.012250	521.428739
-0.201250	-0.008750	502.158436
-0.201250	-0.005250	477.158436
-0.201250	-0.001750	464.658436
-0.201250	0.001750	464.658436
-0.201250	0.005250	477.158436
-0.201250	0.008750	502.158436
-0.201250	0.012250	539.658436
-0.201250	0.015750	589.658436
-0.201250	0.019250	634.824660
-0.201250	0.022750	654.269088
-0.201250	0.026250	686.213517
-0.201250	0.029750	730.657946
-0.201250	0.033250	787.602374
-0.201250	0.036750	857.046803
-0.201250	0.040250	938.991231
-0.201250	0.043750	1033.435660
-0.201250	0.047250	1140.380088
-0.201250	0.050750	1237.691655
-0.201250	0.054250	1314.080548
-0.201250	0.057750	1402.969441
-0.201250	0.061250	1504.358334
-0.201250	0.064750	1599.231453
-0.201250	0.068250	1668.606609
-0.158750	-0.068250	669.475860
-0.158750	-0.064750	654.198075
-0.158750	-0.061250	651.420289
-0.158750	-0.057750	661.142503
-0.158750	-0.054250	655.737168
-0.158750	-0.050750	634.903846
-0.158750	-0.047250	626.570525
-0.158750	-0.043750	630.737203
-0.158750	-0.040250	605.561775
-0.158750	-0.036750	579.172882
-0.158750	-0.033250	565.283989
-0.158750	-0.029750	563.895096
-0.158750	-0.026250	575.006203
-0.158750	-0.022750	549.418546
-0.158750	-0.019250	529.974118
-0.158750	-0.015750	523.029689
-0.158750	-0.012250	528.585261
-0.158750	-0.008750	546.640832
-0.158750	-0.005250	527.158436
-0.158750	-0.001750	514.658436
-0.158750	0.001750	514.658436
-0.158750	0.005250	527.158436
-0.158750	0.008750	552.158436
-0.158750	0.012250	589.658436
-0.158750	0.015750	639.658436
-0.158750	0.019250	684.824660
-0.158750	0.022750	704.269088
-0.158750	0.026250	736.213517
-0.158750	0.029750	780.657946
-0.158750	0.033250	837.602374
-0.158750	0.036750	907.046803
-0.158750	0.040250	988.991231
-0.158750	0.043750	1083.435660
-0.158750	0.047250	1190.380088
-0.158750	0.050750	1287.691655
-0.158750	0.054250	1364.080548
-0.158750	0.057750	1452.969441
-0.158750	0.061250	1554.358334
-0.158750	0.064750	1649.231453
-0.158750	0.068250	1718.606609
-0.116250	-0.068250	676.420302
-0.116250	-0.064750	661.142516
-0.116250	-0.061250	658.364730
-0.116250	-0.057750	668.086945
-0.116250	-0.054250	662.681609
-0.116250	-0.050750	641.848288
-0.116250	-0.047250	633.514966
-0.116250	-0.043750	637.681645
-0.116250	-0.040250	612.506216
-0.116250	-0.036750	586.117323
-0.116250	-0.033250	572.228430
-0.116250	-0.029750	570.839537
-0.116250	-0.026250	581.950644
-0.116250	-0.022750	556.362987
-0.116250	-0.019250	536.918559
-0.116250	-0.015750	529.974130
-0.116250	-0.012250	535.529702
-0.116250	-0.008750	553.585273
-0.116250	-0.005250	584.140845
-0.116250	-0.001750	577.158436
-0.116250	0.001750	577.158436
-0.116250	0.005250	589.658436
-0.116250	0.008750	614.658436
-0.116250	0.012250	652.158436
-0.116250	0.015750	702.158436
-0.116250	0.019250	747.324660
-0.116250	0.022750	766.769088
-0.116250	0.026250	798.713517
-0.116250	0.029750	843.157946
-0.116250	0.033250	900.102374
-0.116250	0.036750	969.546803
-0.116250	0.040250	1051.491231
-0.116250	0.043750	1145.935660
-0.116250	0.047250	1252.880088
-0.116250	0.050750	1350.191655
-0.116250	0.054250	1426.580548
-0.116250	0.057750	1515.469441
-0.116250	0.061250	1616.858334
-0.116250	0.064750	1711.731453
-0.116250	0.068250	1781.106609
-0.073750	-0.068250	695.864743
-0.073750	-0.064750	680.586957
-0.073750	-0.061250	677.809171
-0.073750	-0.057750	687.531386
-0.073750	-0.054250	682.126050
-0.073750	-0.050750	661.292729
-0.073750	-0.047250	652.959407
-0.073750	-0.043750	657.126086
-0.073750	-0.040250	631.950657
-0.073750	-0.036750	605.561764
-0.073750	-0.033250	591.672871
-0.073750	-0.029750	590.283978
-0.073750	-0.026250	601.395086
-0.073750	-0.022750	575.807429
-0.073750	-0.019250	556.363000
-0.073750	-0.015750	549.418571
-0.073750	-0.012250	554.974143
-0.073750	-0.008750	573.029714
-0.073750	-0.005250	603.585286
-0.073750	-0.001750	646.640857
-0.073750	0.001750	652.158436
-0.073750	0.005250	664.658436
-0.073750	0.008750	689.658436
-0.073750	0.012250	727.158436
-0.073750	0.015750	777.158436
-0.073750	0.019250	822.324660
-0.073750	0.022750	841.769088
-0.073750	0.026250	873.713517
-0.073750	0.029750	918.157946
-0.073750	0.033250	975.102374
-0.073750	0.036750	1044.546803
-0.073750	0.040250	1126.491231
-0.073750	0.043750	1220.935660
-0.073750	0.047250	1327.880088
-0.073750	0.050750	1425.191655
-0.073750	0.054250	1501.580548
-0.073750	0.057750	1590.469441
-0.073750	0.061250	1691.858334
-0.073750	0.064750	1786.731453
-0.073750	0.068250	1856.106609
-0.031250	-0.068250	697.995635
-0.031250	-0.064750	682.717849
-0.031250	-0.061250	679.940064
-0.031250	-0.057750	689.662278
-0.031250	-0.054250	700.724232
-0.031250	-0.050750	679.890910
-0.031250	-0.047250	671.557589
-0.031250	-0.043750	675.724267
-0.031250	-0.040250	663.895098
-0.031250	-0.036750	637.506205
-0.031250	-0.033250	623.617312
-0.031250	-0.029750	622.228420
-0.031250	-0.026250	633.339527
-0.031250	-0.022750	607.751870
-0.031250	-0.019250	588.307441
-0.031250	-0.015750	581.363013
-0.031250	-0.012250	586.918584
-0.031250	-0.008750	604.974156
-0.031250	-0.005250	635.529727
-0.031250	-0.001750	678.585298
-0.031250	0.001750	734.140870
-0.031250	0.005250	752.158436
-0.031250	0.008750	777.158436
-0.031250	0.012250	814.658436
-0.031250	0.015750	864.658436
-0.031250	0.019250	909.824660
-0.031250	0.022750	929.269088
-0.031250	0.026250	961.213517
-0.031250	0.029750	1005.657946
-0.031250	0.033250	1062.602374
-0.031250	0.036750	1132.046803
-0.031250	0.040250	1213.991231
-0.031250	0.043750	1308.435660
-0.031250	0.047250	1415.380088
-0.031250	0.050750	1512.691655
-0.031250	0.054250	1589.080548
-0.031250	0.057750	1677.969441
-0.031250	0.061250	1779.358334
-0.031250	0.064750	1847.940084
-0.031250	0.068250	1900.167906
0.011250	-0.068250	686.884523
0.011250	-0.064750	671.606737
0.011250	-0.061250	668.828952
0.011250	-0.057750	678.551166
0.011250	-0.054250	689.613120
0.011250	-0.050750	668.779798
0.011250	-0.047250	660.446477
0.011250	-0.043750	664.613156
0.011250	-0.040250	677.950258
0.011250	-0.036750	651.561365
0.011250	-0.033250	637.672472
0.011250	-0.029750	636.283580
0.011250	-0.026250	647.394687
0.011250	-0.022750	652.196311
0.011250	-0.019250	632.751882
0.011250	-0.015750	625.807454
0.011250	-0.012250	631.363025
0.011250	-0.008750	649.418597
0.011250	-0.005250	679.974168
0.011250	-0.001750	723.029740
0.011250	0.001750	778.585311
0.011250	0.005250	846.640882
0.011250	0.008750	877.158436
0.011250	0.012250	914.658436
0.011250	0.015750	964.658436
0.011250	0.019250	1009.824660
0.011250	0.022750	1029.269088
0.011250	0.026250	1061.213517
0.011250	0.029750	1105.657946
0.011250	0.033250	1162.602374
0.011250	0.036750	1232.046803
0.011250	0.040250	1313.991231
0.011250	0.043750	1408.435660
0.011250	0.047250	1515.380088
0.011250	0.050750	1612.691655
0.011250	0.054250	1689.080548
0.011250	0.057750	1777.969441
0.011250	0.061250	1834.051203
0.011250	0.064750	1892.384525
0.011250	0.068250	1944.612347
0.053750	-0.068250	688.273411
0.053750	-0.064750	672.995626
0.053750	-0.061250	670.217840
0.053750	-0.057750	679.940054
0.053750	-0.054250	691.002008
0.053750	-0.050750	670.168687
0.053750	-0.047250	661.835365
0.053750	-0.043750	666.002044
0.053750	-0.040250	679.339146
0.053750	-0.036750	652.950253
0.053750	-0.033250	639.061361
0.053750	-0.029750	637.672468
0.053750	-0.026250	648.783575
0.053750	-0.022750	672.394682
0.053750	-0.019250	689.696324
0.053750	-0.015750	682.751895
0.053750	-0.012250	688.307466
0.053750	-0.008750	706.363038
0.053750	-0.005250	736.918609
0.053750	-0.001750	779.974181
0.053750	0.001750	835.529752
0.053750	0.005250	903.585324
0.053750	0.008750	984.140895
0.053750	0.012250	1027.158436
0.053750	0.015750	1077.158436
0.053750	0.019250	1122.324660
0.053750	0.022750	1141.769088
0.053750	0.026250	1173.713517
0.053750	0.029750	1218.157946
0.053750	0.033250	1275.102374
0.053750	0.036750	1344.546803
0.053750	0.040250	1426.491231
0.053750	0.043750	1520.935660
0.053750	0.047250	1605.848117
0.053750	0.050750	1669.737010
0.053750	0.054250	1746.125902
0.053750	0.057750	1835.014795
0.053750	0.061250	1890.995645
0.053750	0.064750	1949.328966
0.053750	0.068250	2001.556788
0.096250	-0.068250	702.162300
0.096250	-0.064750	686.884514
0.096250	-0.061250	684.106728
0.096250	-0.057750	693.828943
0.096250	-0.054250	704.890896
0.096250	-0.050750	684.057575
0.096250	-0.047250	675.724253
0.096250	-0.043750	679.890932
0.096250	-0.040250	693.228035
0.096250	-0.036750	666.839142
0.096250	-0.033250	652.950249
0.096250	-0.029750	651.561356
0.096250	-0.026250	662.672463
0.096250	-0.022750	686.283570
0.096250	-0.019250	722.394677
0.096250	-0.015750	752.196336
0.096250	-0.012250	757.751908
0.096250	-0.008750	775.807479
0.096250	-0.005250	806.363050
0.096250	-0.001750	849.418622
0.096250	0.001750	904.974193
0.096250	0.005250	973.029765
0.096250	0.008750	1053.585336
0.096250	0.012250	1109.894665
0.096250	0.015750	1159.894665
0.096250	0.019250	1222.394665
0.096250	0.022750	1255.849481
0.096250	0.026250	1287.793910
0.096250	0.029750	1332.238338
0.096250	0.033250	1389.182767
0.096250	0.036750	1458.627195
0.096250	0.040250	1540.571624
0.096250	0.043750	1623.903665
0.096250	0.047250	1675.292558
0.096250	0.050750	1739.181451
0.096250	0.054250	1815.570344
0.096250	0.057750	1904.459237
0.096250	0.061250	1960.440086
0.096250	0.064750	2018.773407
0.096250	0.068250	2071.001229
0.138750	-0.068250	705.619752
0.138750	-0.064750	690.341966
0.138750	-0.061250	687.564181
0.138750	-0.057750	697.286395
0.138750	-0.054250	719.508609
0.138750	-0.050750	700.911889
0.138750	-0.047250	692.578567
0.138750	-0.043750	696.745246
0.138750	-0.040250	713.411925
0.138750	-0.036750	693.228030
0.138750	-0.033250	679.339137
0.138750	-0.029750	677.950244
0.138750	-0.026250	689.061351
0.138750	-0.022750	712.672458
0.138750	-0.019250	748.783566
0.138750	-0.015750	797.394673
0.138750	-0.012250	839.696349
0.138750	-0.008750	857.751920
0.138750	-0.005250	888.307492
0.138750	-0.001750	931.363063
0.138750	0.001750	986.918635
0.138750	0.005250	1054.974206
0.138750	0.008750	1135.529777
0.138750	0.012250	1191.839106
0.138750	0.015750	1241.839106
0.138750	0.019250	1304.339106
0.138750	0.022750	1337.793922
0.138750	0.026250	1369.738351
0.138750	0.029750	1414.182779
0.138750	0.033250	1471.127208
0.138750	0.036750	1540.571636
0.138750	0.040250	1622.516065
0.138750	0.043750	1705.848106
0.138750	0.047250	1757.236999
0.138750	0.050750	1821.125892
0.138750	0.054250	1897.514785
0.138750	0.057750	1986.403678
0.138750	0.061250	2042.384527
0.138750	0.064750	2100.717848
0.138750	0.068250	2152.945670
0.181250	-0.068250	688.953076
0.181250	-0.064750	673.675290
0.181250	-0.061250	670.897504
0.181250	-0.057750	680.619719
0.181250	-0.054250	702.841933
0.181250	-0.050750	684.245212
0.181250	-0.047250	675.911891
0.181250	-0.043750	680.078569
0.181250	-0.040250	696.745248
0.181250	-0.036750	725.911927
0.181250	-0.033250	718.228025
0.181250	-0.029750	716.839132
0.181250	-0.026250	727.950240
0.181250	-0.022750	751.561347
0.181250	-0.019250	787.672454
0.181250	-0.015750	836.283561
0.181250	-0.012250	897.394668
0.181250	-0.008750	952.196361
0.181250	-0.005250	982.751933
0.181250	-0.001750	1025.807504
0.181250	0.001750	1081.363076
0.181250	0.005250	1149.418647
0.181250	0.008750	1229.974219
0.181250	0.012250	1286.283548
0.181250	0.015750	1336.283548
0.181250	0.019250	1398.783548
0.181250	0.022750	1432.238363
0.181250	0.026250	1464.182792
0.181250	0.029750	1508.627220
0.181250	0.033250	1565.571649
0.181250	0.036750	1635.016078
0.181250	0.040250	1716.960506
0.181250	0.043750	1800.292547
0.181250	0.047250	1851.681440
0.181250	0.050750	1915.570333
0.181250	0.054250	1991.959226
0.181250	0.057750	2080.848119
0.181250	0.061250	2136.828968
0.181250	0.064750	2190.451899
0.181250	0.068250	2205.729684
0.223750	-0.068250	684.786399
0.223750	-0.064750	669.508613
0.223750	-0.061250	666.730828
0.223750	-0.057750	676.453042
0.223750	-0.054250	698.675256
0.223750	-0.050750	680.078536
0.223750	-0.047250	671.745214
0.223750	-0.043750	675.911893
0.223750	-0.040250	692.578572
0.223750	-0.036750	721.745250
0.223750	-0.033250	763.411929
0.223750	-0.029750	768.228021
0.223750	-0.026250	779.339128
0.223750	-0.022750	802.950235
0.223750	-0.019250	839.061342
0.223750	-0.015750	887.672449
0.223750	-0.012250	948.783556
0.223750	-0.008750	1022.394664
0.223750	-0.005250	1089.696374
0.223750	-0.001750	1132.751945
0.223750	0.001750	1188.307517
0.223750	0.005250	1256.363088
0.223750	0.008750	1336.918660
0.223750	0.012250	1393.227989
0.223750	0.015750	1443.227989
0.223750	0.019250	1505.727989
0.223750	0.022750	1539.182804
0.223750	0.026250	1571.127233
0.223750	0.029750	1615.571662
0.223750	0.033250	1672.516090
0.223750	0.036750	1741.960519
0.223750	0.040250	1823.904947
0.223750	0.043750	1907.236989
0.223750	0.047250	1958.625881
0.223750	0.050750	2022.514774
0.223750	0.054250	2098.903667
0.223750	0.057750	2154.131238
0.223750	0.061250	2199.964560
0.223750	0.064750	2241.840787
0.223750	0.068250	2257.118572
0.266250	-0.068250	693.119723
0.266250	-0.064750	677.841937
0.266250	-0.061250	675.064151
0.266250	-0.057750	684.786366
0.266250	-0.054250	707.008580
0.266250	-0.050750	688.411859
0.266250	-0.047250	680.078538
0.266250	-0.043750	684.245217
0.266250	-0.040250	700.911895
0.266250	-0.036750	730.078574
0.266250	-0.033250	771.745252
0.266250	-0.029750	825.911931
0.266250	-0.026250	843.228016
0.266250	-0.022750	866.839123
0.266250	-0.019250	902.950230
0.266250	-0.015750	951.561337
0.266250	-0.012250	1012.672445
0.266250	-0.008750	1086.283552
0.266250	-0.005250	1172.394659
0.266250	-0.001750	1252.196387
0.266250	0.001750	1307.751958
0.266250	0.005250	1375.807529
0.266250	0.008750	1456.363101
0.266250	0.012250	1512.672430
0.266250	0.015750	1562.672430
0.266250	0.019250	1625.172430
0.266250	0.022750	1658.627246
0.266250	0.026250	1690.571674
0.266250	0.029750	1735.016103
0.266250	0.033250	1791.960531
0.266250	0.036750	1861.404960
0.266250	0.040250	1935.909790
0.266250	0.043750	1974.798683
0.266250	0.047250	2026.187576
0.266250	0.050750	2090.076469
0.266250	0.054250	2166.465362
0.266250	0.057750	2218.020126
0.266250	0.061250	2263.853448
0.266250	0.064750	2305.729675
0.266250	0.068250	2321.007461
0.308750	-0.068250	698.025377
0.308750	-0.064750	682.747591
0.308750	-0.061250	679.969806
0.308750	-0.057750	689.692020
0.308750	-0.054250	711.914234
0.308750	-0.050750	701.291433
0.308750	-0.047250	692.958112
0.308750	-0.043750	697.124791
0.308750	-0.040250	713.791469
0.308750	-0.036750	742.958148
0.308750	-0.033250	784.624826
0.308750	-0.029750	838.791505
0.308750	-0.026250	905.458183
0.308750	-0.022750	943.228011
0.308750	-0.019250	979.339119
0.308750	-0.015750	1027.950226
0.308750	-0.012250	1089.061333
0.308750	-0.008750	1162.672440
0.308750	-0.005250	1248.783547
0.308750	-0.001750	1347.394654
0.308750	0.001750	1439.696399
0.308750	0.005250	1507.751971
0.308750	0.008750	1588.307542
0.308750	0.012250	1644.616871
0.308750	0.015750	1694.616871
0.308750	0.019250	1757.116871
0.308750	0.022750	1790.571687
0.308750	0.026250	1822.516115
0.308750	0.029750	1866.960544
0.308750	0.033250	1923.904973
0.308750	0.036750	1985.909786
0.308750	0.040250	2012.298679
0.308750	0.043750	2051.187572
0.308750	0.047250	2102.576464
0.308750	0.050750	2166.465357
0.308750	0.054250	2242.854250
0.308750	0.057750	2294.409015
0.308750	0.061250	2340.242336
0.308750	0.064750	2382.118563
0.308750	0.068250	2397.396349
0.351250	-0.068250	675.803142
0.351250	-0.064750	660.525356
0.351250	-0.061250	657.747570
0.351250	-0.057750	667.469785
0.351250	-0.054250	689.691999
0.351250	-0.050750	679.069198
0.351250	-0.047250	670.735877
0.351250	-0.043750	674.902555
0.351250	-0.040250	691.569234
0.351250	-0.036750	720.735912
0.351250	-0.033250	762.402591
0.351250	-0.029750	816.569270
0.351250	-0.026250	883.235948
0.351250	-0.022750	962.402627
0.351250	-0.019250	1054.069305
0.351250	-0.015750	1116.839114
0.351250	-0.012250	1177.950221
0.351250	-0.008750	1251.561328
0.351250	-0.005250	1337.672435
0.351250	-0.001750	1436.283543
0.351250	0.001750	1547.394650
0.351250	0.005250	1652.196412
0.351250	0.008750	1732.751983
0.351250	0.012250	1789.061312
0.351250	0.015750	1839.061312
0.351250	0.019250	1901.561312
0.351250	0.022750	1935.016128
0.351250	0.026250	1966.960557
0.351250	0.029750	2011.404985
0.351250	0.033250	2060.909781
0.351250	0.036750	2074.798674
0.351250	0.040250	2101.187567
0.351250	0.043750	2140.076460
0.351250	0.047250	2191.465353
0.351250	0.050750	2255.354245
0.351250	0.054250	2331.743138
0.351250	0.057750	2383.297903
0.351250	0.061250	2429.131224
0.351250	0.064750	2447.416238
0.351250	0.068250	2462.694023
0.393750	-0.068250	666.080906
0.393750	-0.064750	650.803121
0.393750	-0.061250	648.025335
0.393750	-0.057750	657.747549
0.393750	-0.054250	679.969764
0.393750	-0.050750	669.346963
0.393750	-0.047250	661.013641
0.393750	-0.043750	665.180320
0.393750	-0.040250	681.846999
0.393750	-0.036750	711.013677
0.393750	-0.033250	752.680356
0.393750	-0.029750	806.847034
0.393750	-0.026250	873.513713
0.393750	-0.022750	952.680391
0.393750	-0.019250	1044.347070
0.393750	-0.015750	1148.513749
0.393750	-0.012250	1265.180427
0.393750	-0.008750	1352.950216
0.393750	-0.005250	1439.061324
0.393750	-0.001750	1537.672431
0.393750	0.001750	1648.783538
0.393750	0.005250	1772.394645
0.393750	0.008750	1889.696424
0.393750	0.012250	1946.005753
0.393750	0.015750	1996.005753
0.393750	0.019250	2058.505753
0.393750	0.022750	2090.913829
0.393750	0.026250	2122.858258
0.393750	0.029750	2160.909777
0.393750	0.033250	2162.298669
0.393750	0.036750	2176.187562
0.393750	0.040250	2202.576455
0.393750	0.043750	2241.465348
0.393750	0.047250	2292.854241
0.393750	0.050750	2356.743134
0.393750	0.054250	2433.132027
0.393750	0.057750	2475.026650
0.393750	0.061250	2490.471775
0.393750	0.064750	2493.249561
0.393750	0.068250	2508.527347
0.436250	-0.068250	668.858671
0.436250	-0.064750	653.580885
0.436250	-0.061250	650.803100
0.436250	-0.057750	660.525314
0.436250	-0.054250	682.747528
0.436250	-0.050750	672.124728
0.436250	-0.047250	663.791406
0.436250	-0.043750	667.958085
0.436250	-0.040250	684.624763
0.436250	-0.036750	713.791442
0.436250	-0.033250	755.458120
0.436250	-0.029750	809.624799
0.436250	-0.026250	876.291478
0.436250	-0.022750	955.458156
0.436250	-0.019250	1047.124835
0.436250	-0.015750	1151.291513
0.436250	-0.012250	1267.958192
0.436250	-0.008750	1397.124870
0.436250	-0.005250	1538.791549
0.436250	-0.001750	1651.561319
0.436250	0.001750	1762.672426
0.436250	0.005250	1886.283533
0.436250	0.008750	2022.394640
0.436250	0.012250	2115.450195
0.436250	0.015750	2165.450195
0.436250	0.019250	2185.358289
0.436250	0.022750	2204.802717
0.436250	0.026250	2236.747146
0.436250	0.029750	2261.765492
0.436250	0.033250	2263.154385
0.436250	0.036750	2277.043278
0.436250	0.040250	2303.432170
0.436250	0.043750	2342.321063
0.436250	0.047250	2393.709956
0.436250	0.050750	2457.598849
0.436250	0.054250	2500.026653
0.436250	0.057750	2533.359974
0.436250	0.061250	2548.805099
0.436250	0.064750	2551.582885
0.436250	0.068250	2566.860670
0.478750	-0.068250	684.136436
0.478750	-0.064750	668.858650
0.478750	-0.061250	666.080864
0.478750	-0.057750	675.803079
0.478750	-0.054250	698.025293
0.478750	-0.050750	687.402492
0.478750	-0.047250	679.069171
0.478750	-0.043750	683.235849
0.478750	-0.040250	699.902528
0.478750	-0.036750	729.069207
0.478750	-0.033250	770.735885
0.478750	-0.029750	824.902564
0.478750	-0.026250	891.569242
0.478750	-0.022750	970.735921
0.478750	-0.019250	1062.402599
0.478750	-0.015750	1166.569278
0.478750	-0.012250	1283.235957
0.478750	-0.008750	1412.402635
0.478750	-0.005250	1554.069314
0.478750	-0.001750	1708.235992
0.478750	0.001750	1874.902671
0.478750	0.005250	2012.672422
0.478750	0.008750	2148.783529
0.478750	0.012250	2297.394636
0.478750	0.015750	2304.802748
0.478750	0.019250	2311.747177
0.478750	0.022750	2331.191606
0.478750	0.026250	2343.709922
0.478750	0.029750	2332.598815
0.478750	0.033250	2333.987708
0.478750	0.036750	2347.876601
0.478750	0.040250	2374.265494
0.478750	0.043750	2413.154387
0.478750	0.047250	2464.543280
0.478750	0.050750	2494.471096
0.478750	0.054250	2515.304417
0.478750	0.057750	2548.637739
0.478750	0.061250	2564.082864
0.478750	0.064750	2566.860649
0.478750	0.068250	2582.138435
