-1.178750	-0.068250	970.152368
-1.178750	-0.064750	946.938082
-1.178750	-0.061250	936.223797
-1.178750	-0.057750	938.009511
-1.178750	-0.054250	952.295225
-1.178750	-0.050750	970.981291
-1.178750	-0.047250	938.838434
-1.178750	-0.043750	919.195576
-1.178750	-0.040250	912.052719
-1.178750	-0.036750	917.409862
-1.178750	-0.033250	935.267005
-1.178750	-0.029750	956.695576
-1.178750	-0.026250	928.124148
-1.178750	-0.022750	912.052719
-1.178750	-0.019250	908.481291
-1.178750	-0.015750	917.409862
-1.178750	-0.012250	938.838434
-1.178750	-0.008750	972.767005
-1.178750	-0.005250	957.823278
-1.178750	-0.001750	945.323278
-1.178750	0.001750	945.323278
-1.178750	0.005250	957.823278
-1.178750	0.008750	982.823278
-1.178750	0.012250	1020.323278
-1.178750	0.015750	1070.323278
-1.178750	0.019250	1120.042368
-1.178750	0.022750	1123.613797
-1.178750	0.026250	1139.685225
-1.178750	0.029750	1168.256654
-1.178750	0.033250	1209.328083
-1.178750	0.036750	1262.899511
-1.178750	0.040250	1299.534345
-1.178750	0.043750	1306.677202
-1.178750	0.047250	1326.320059
-1.178750	0.050750	1358.462916
-1.178750	0.054250	1403.105773
-1.178750	0.057750	1399.944330
-1.178750	0.061250	1398.158615
-1.178750	0.064750	1408.872901
-1.178750	0.068250	1432.087187
-1.136250	-0.068250	946.937956
-1.136250	-0.064750	923.723671
-1.136250	-0.061250	913.009385
-1.136250	-0.057750	914.795099
-1.136250	-0.054250	929.080814
-1.136250	-0.050750	947.766879
-1.136250	-0.047250	915.624022
-1.136250	-0.043750	895.981165
-1.136250	-0.040250	888.838308
-1.136250	-0.036750	894.195450
-1.136250	-0.033250	912.052593
-1.136250	-0.029750	933.481165
-1.136250	-0.026250	904.909736
-1.136250	-0.022750	888.838308
-1.136250	-0.019250	885.266879
-1.136250	-0.015750	894.195450
-1.136250	-0.012250	915.624022
-1.136250	-0.008750	949.552593
-1.136250	-0.005250	934.608866
-1.136250	-0.001750	922.108866
-1.136250	0.001750	922.108866
-1.136250	0.005250	934.608866
-1.136250	0.008750	959.608866
-1.136250	0.012250	997.108866
-1.136250	0.015750	1047.108866
-1.136250	0.019250	1096.827957
-1.136250	0.022750	1100.399385
-1.136250	0.026250	1116.470814
-1.136250	0.029750	1145.042242
-1.136250	0.033250	1186.113671
-1.136250	0.036750	1239.685099
-1.136250	0.040250	1276.319933
-1.136250	0.043750	1283.462790
-1.136250	0.047250	1303.105647
-1.136250	0.050750	1335.248504
-1.136250	0.054250	1379.891361
-1.136250	0.057750	1376.729918
-1.136250	0.061250	1374.944204
-1.136250	0.064750	1385.658489
-1.136250	0.068250	1408.872775
-1.093750	-0.068250	936.223545
-1.093750	-0.064750	913.009259
-1.093750	-0.061250	902.294973
-1.093750	-0.057750	904.080687
-1.093750	-0.054250	918.366402
-1.093750	-0.050750	937.052467
-1.093750	-0.047250	904.909610
-1.093750	-0.043750	885.266753
-1.093750	-0.040250	878.123896
-1.093750	-0.036750	883.481039
-1.093750	-0.033250	901.338182
-1.093750	-0.029750	922.766753
-1.093750	-0.026250	894.195324
-1.093750	-0.022750	878.123896
-1.093750	-0.019250	874.552467
-1.093750	-0.015750	883.481039
-1.093750	-0.012250	904.909610
-1.093750	-0.008750	938.838182
-1.093750	-0.005250	923.894454
-1.093750	-0.001750	911.394454
-1.093750	0.001750	911.394454
-1.093750	0.005250	923.894454
-1.093750	0.008750	948.894454
-1.093750	0.012250	986.394454
-1.093750	0.015750	1036.394454
-1.093750	0.019250	1086.113545
-1.093750	0.022750	1089.684973
-1.093750	0.026250	1105.756402
-1.093750	0.029750	1134.327831
-1.093750	0.033250	1175.399259
-1.093750	0.036750	1228.970688
-1.093750	0.040250	1265.605521
-1.093750	0.043750	1272.748378
-1.093750	0.047250	1292.391235
-1.093750	0.050750	1324.534093
-1.093750	0.054250	1369.176950
-1.093750	0.057750	1366.015506
-1.093750	0.061250	1364.229792
-1.093750	0.064750	1374.944078
-1.093750	0.068250	1398.158363
-1.051250	-0.068250	938.009133
-1.051250	-0.064750	914.794847
-1.051250	-0.061250	904.080561
-1.051250	-0.057750	905.866276
-1.051250	-0.054250	920.151990
-1.051250	-0.050750	938.838055
-1.051250	-0.047250	906.695198
-1.051250	-0.043750	887.052341
-1.051250	-0.040250	879.909484
-1.051250	-0.036750	885.266627
-1.051250	-0.033250	903.123770
-1.051250	-0.029750	920.534020
-1.051250	-0.026250	891.962592
-1.051250	-0.022750	875.891163
-1.051250	-0.019250	872.319735
-1.051250	-0.015750	881.248306
-1.051250	-0.012250	902.676877
-1.051250	-0.008750	936.605449
-1.051250	-0.005250	925.680042
-1.051250	-0.001750	913.180042
-1.051250	0.001750	913.180042
-1.051250	0.005250	925.680042
-1.051250	0.008750	950.680042
-1.051250	0.012250	988.180042
-1.051250	0.015750	1038.180042
-1.051250	0.019250	1087.899133
-1.051250	0.022750	1091.470562
-1.051250	0.026250	1107.541990
-1.051250	0.029750	1136.113419
-1.051250	0.033250	1177.184847
-1.051250	0.036750	1230.756276
-1.051250	0.040250	1267.391109
-1.051250	0.043750	1274.533967
-1.051250	0.047250	1294.176824
-1.051250	0.050750	1326.319681
-1.051250	0.054250	1370.962538
-1.051250	0.057750	1367.801094
-1.051250	0.061250	1366.015380
-1.051250	0.064750	1376.729666
-1.051250	0.068250	1399.943951
-1.008750	-0.068250	952.294721
-1.008750	-0.064750	929.080435
-1.008750	-0.061250	918.366150
-1.008750	-0.057750	920.151864
-1.008750	-0.054250	934.437578
-1.008750	-0.050750	953.123644
-1.008750	-0.047250	920.980787
-1.008750	-0.043750	901.337929
-1.008750	-0.040250	894.195072
-1.008750	-0.036750	899.552215
-1.008750	-0.033250	904.462596
-1.008750	-0.029750	863.391167
-1.008750	-0.026250	834.819739
-1.008750	-0.022750	818.748310
-1.008750	-0.019250	815.176882
-1.008750	-0.015750	824.105453
-1.008750	-0.012250	845.534024
-1.008750	-0.008750	879.462596
-1.008750	-0.005250	891.873960
-1.008750	-0.001750	879.373960
-1.008750	0.001750	879.373960
-1.008750	0.005250	891.873960
-1.008750	0.008750	916.873960
-1.008750	0.012250	954.373960
-1.008750	0.015750	1004.373960
-1.008750	0.019250	1066.873960
-1.008750	0.022750	1092.859242
-1.008750	0.026250	1108.930671
-1.008750	0.029750	1137.502099
-1.008750	0.033250	1178.573528
-1.008750	0.036750	1232.144956
-1.008750	0.040250	1281.676698
-1.008750	0.043750	1288.819555
-1.008750	0.047250	1308.462412
-1.008750	0.050750	1340.605269
-1.008750	0.054250	1385.248126
-1.008750	0.057750	1382.086683
-1.008750	0.061250	1380.300968
-1.008750	0.064750	1391.015254
-1.008750	0.068250	1414.229540
-0.966250	-0.068250	968.182076
-0.966250	-0.064750	944.967790
-0.966250	-0.061250	934.253505
-0.966250	-0.057750	936.039219
-0.966250	-0.054250	950.324933
-0.966250	-0.050750	918.073873
-0.966250	-0.047250	885.931016
-0.966250	-0.043750	866.288159
-0.966250	-0.040250	859.145301
-0.966250	-0.036750	864.502444
-0.966250	-0.033250	859.819743
-0.966250	-0.029750	818.748314
-0.966250	-0.026250	790.176886
-0.966250	-0.022750	774.105457
-0.966250	-0.019250	770.534029
-0.966250	-0.015750	779.462600
-0.966250	-0.012250	800.891172
-0.966250	-0.008750	834.819743
-0.966250	-0.005250	847.231107
-0.966250	-0.001750	834.731107
-0.966250	0.001750	834.731107
-0.966250	0.005250	847.231107
-0.966250	0.008750	872.231107
-0.966250	0.012250	909.731107
-0.966250	0.015750	959.731107
-0.966250	0.019250	1022.231107
-0.966250	0.022750	1048.216389
-0.966250	0.026250	1064.287818
-0.966250	0.029750	1092.859246
-0.966250	0.033250	1133.930675
-0.966250	0.036750	1187.502104
-0.966250	0.040250	1253.573532
-0.966250	0.043750	1315.605143
-0.966250	0.047250	1335.248000
-0.966250	0.050750	1367.390857
-0.966250	0.054250	1412.033714
-0.966250	0.057750	1408.872271
-0.966250	0.061250	1407.086556
-0.966250	0.064750	1417.800842
-0.966250	0.068250	1441.015128
-0.923750	-0.068250	936.039223
-0.923750	-0.064750	912.824937
-0.923750	-0.061250	902.110652
-0.923750	-0.057750	903.896366
-0.923750	-0.054250	918.182080
-0.923750	-0.050750	885.931020
-0.923750	-0.047250	853.788163
-0.923750	-0.043750	834.145306
-0.923750	-0.040250	827.002449
-0.923750	-0.036750	832.359591
-0.923750	-0.033250	827.676890
-0.923750	-0.029750	786.605461
-0.923750	-0.026250	758.034033
-0.923750	-0.022750	741.962604
-0.923750	-0.019250	738.391176
-0.923750	-0.015750	747.319747
-0.923750	-0.012250	768.748319
-0.923750	-0.008750	802.676890
-0.923750	-0.005250	815.088254
-0.923750	-0.001750	802.588254
-0.923750	0.001750	802.588254
-0.923750	0.005250	815.088254
-0.923750	0.008750	840.088254
-0.923750	0.012250	877.588254
-0.923750	0.015750	927.588254
-0.923750	0.019250	990.088254
-0.923750	0.022750	1016.073536
-0.923750	0.026250	1032.144965
-0.923750	0.029750	1060.716393
-0.923750	0.033250	1101.787822
-0.923750	0.036750	1155.359251
-0.923750	0.040250	1221.430679
-0.923750	0.043750	1292.956523
-0.923750	0.047250	1312.599381
-0.923750	0.050750	1344.742238
-0.923750	0.054250	1389.385095
-0.923750	0.057750	1446.527952
-0.923750	0.061250	1446.372145
-0.923750	0.064750	1457.086430
-0.923750	0.068250	1480.300716
-0.881250	-0.068250	916.396370
-0.881250	-0.064750	893.182084
-0.881250	-0.061250	882.467799
-0.881250	-0.057750	884.253513
-0.881250	-0.054250	898.539227
-0.881250	-0.050750	866.288167
-0.881250	-0.047250	834.145310
-0.881250	-0.043750	814.502453
-0.881250	-0.040250	807.359596
-0.881250	-0.036750	812.716738
-0.881250	-0.033250	808.034037
-0.881250	-0.029750	766.962608
-0.881250	-0.026250	738.391180
-0.881250	-0.022750	722.319751
-0.881250	-0.019250	718.748323
-0.881250	-0.015750	727.676894
-0.881250	-0.012250	749.105466
-0.881250	-0.008750	783.034037
-0.881250	-0.005250	771.064170
-0.881250	-0.001750	758.564170
-0.881250	0.001750	758.564170
-0.881250	0.005250	771.064170
-0.881250	0.008750	796.064170
-0.881250	0.012250	833.564170
-0.881250	0.015750	883.564170
-0.881250	0.019250	946.064170
-0.881250	0.022750	996.430683
-0.881250	0.026250	1012.502112
-0.881250	0.029750	1041.073541
-0.881250	0.033250	1082.144969
-0.881250	0.036750	1135.716398
-0.881250	0.040250	1201.787826
-0.881250	0.043750	1273.313670
-0.881250	0.047250	1292.956528
-0.881250	0.050750	1325.099385
-0.881250	0.054250	1369.742242
-0.881250	0.057750	1426.885099
-0.881250	0.061250	1452.827333
-0.881250	0.064750	1463.541619
-0.881250	0.068250	1486.755904
-0.838750	-0.068250	909.253517
-0.838750	-0.064750	886.039231
-0.838750	-0.061250	875.324946
-0.838750	-0.057750	877.110660
-0.838750	-0.054250	891.396374
-0.838750	-0.050750	859.145314
-0.838750	-0.047250	827.002457
-0.838750	-0.043750	807.359600
-0.838750	-0.040250	800.216743
-0.838750	-0.036750	805.573886
-0.838750	-0.033250	800.891184
-0.838750	-0.029750	759.819756
-0.838750	-0.026250	731.248327
-0.838750	-0.022750	715.176898
-0.838750	-0.019250	711.605470
-0.838750	-0.015750	720.534041
-0.838750	-0.012250	741.962613
-0.838750	-0.008750	717.492729
-0.838750	-0.005250	692.492729
-0.838750	-0.001750	679.992729
-0.838750	0.001750	679.992729
-0.838750	0.005250	692.492729
-0.838750	0.008750	717.492729
-0.838750	0.012250	754.992729
-0.838750	0.015750	804.992729
-0.838750	0.019250	867.492729
-0.838750	0.022750	942.492729
-0.838750	0.026250	1005.359259
-0.838750	0.029750	1033.930688
-0.838750	0.033250	1075.002116
-0.838750	0.036750	1128.573545
-0.838750	0.040250	1194.644973
-0.838750	0.043750	1266.170818
-0.838750	0.047250	1285.813675
-0.838750	0.050750	1317.956532
-0.838750	0.054250	1362.599389
-0.838750	0.057750	1419.742246
-0.838750	0.061250	1445.684480
-0.838750	0.064750	1456.398766
-0.838750	0.068250	1479.613051
-0.796250	-0.068250	914.610664
-0.796250	-0.064750	891.396379
-0.796250	-0.061250	880.682093
-0.796250	-0.057750	882.467807
-0.796250	-0.054250	896.753521
-0.796250	-0.050750	864.502461
-0.796250	-0.047250	832.359604
-0.796250	-0.043750	812.716747
-0.796250	-0.040250	805.573890
-0.796250	-0.036750	800.643032
-0.796250	-0.033250	747.071604
-0.796250	-0.029750	706.000175
-0.796250	-0.026250	677.428746
-0.796250	-0.022750	661.357318
-0.796250	-0.019250	657.785889
-0.796250	-0.015750	666.714461
-0.796250	-0.012250	688.143032
-0.796250	-0.008750	651.421288
-0.796250	-0.005250	626.421288
-0.796250	-0.001750	613.921288
-0.796250	0.001750	613.921288
-0.796250	0.005250	626.421288
-0.796250	0.008750	651.421288
-0.796250	0.012250	688.921288
-0.796250	0.015750	738.921288
-0.796250	0.019250	801.421288
-0.796250	0.022750	876.421288
-0.796250	0.026250	954.439727
-0.796250	0.029750	983.011155
-0.796250	0.033250	1024.082584
-0.796250	0.036750	1077.654012
-0.796250	0.040250	1143.725441
-0.796250	0.043750	1222.296870
-0.796250	0.047250	1291.170822
-0.796250	0.050750	1323.313679
-0.796250	0.054250	1367.956536
-0.796250	0.057750	1425.099393
-0.796250	0.061250	1451.041627
-0.796250	0.064750	1461.755913
-0.796250	0.068250	1484.970198
-0.753750	-0.068250	932.467811
-0.753750	-0.064750	909.253526
-0.753750	-0.061250	898.539240
-0.753750	-0.057750	900.324954
-0.753750	-0.054250	914.610668
-0.753750	-0.050750	876.310055
-0.753750	-0.047250	844.167198
-0.753750	-0.043750	824.524341
-0.753750	-0.040250	813.143019
-0.753750	-0.036750	747.071591
-0.753750	-0.033250	693.500162
-0.753750	-0.029750	652.428734
-0.753750	-0.026250	623.857305
-0.753750	-0.022750	607.785877
-0.753750	-0.019250	604.214448
-0.753750	-0.015750	613.143019
-0.753750	-0.012250	634.571591
-0.753750	-0.008750	597.849847
-0.753750	-0.005250	572.849847
-0.753750	-0.001750	560.349847
-0.753750	0.001750	560.349847
-0.753750	0.005250	572.849847
-0.753750	0.008750	597.849847
-0.753750	0.012250	635.349847
-0.753750	0.015750	685.349847
-0.753750	0.019250	747.849847
-0.753750	0.022750	822.849847
-0.753750	0.026250	900.868286
-0.753750	0.029750	929.439714
-0.753750	0.033250	970.511143
-0.753750	0.036750	1024.082571
-0.753750	0.040250	1090.154000
-0.753750	0.043750	1168.725428
-0.753750	0.047250	1259.796857
-0.753750	0.050750	1341.170826
-0.753750	0.054250	1385.813683
-0.753750	0.057750	1442.956540
-0.753750	0.061250	1468.898774
-0.753750	0.064750	1479.613060
-0.753750	0.068250	1502.827345
-0.711250	-0.068250	928.424638
-0.711250	-0.064750	905.210352
-0.711250	-0.061250	894.496066
-0.711250	-0.057750	896.281780
-0.711250	-0.054250	879.881471
-0.711250	-0.050750	835.238614
-0.711250	-0.047250	803.095757
-0.711250	-0.043750	783.452900
-0.711250	-0.040250	772.071578
-0.711250	-0.036750	706.000150
-0.711250	-0.033250	652.428721
-0.711250	-0.029750	611.357293
-0.711250	-0.026250	582.785864
-0.711250	-0.022750	566.714435
-0.711250	-0.019250	563.143007
-0.711250	-0.015750	572.071578
-0.711250	-0.012250	593.500150
-0.711250	-0.008750	556.778406
-0.711250	-0.005250	531.778406
-0.711250	-0.001750	519.278406
-0.711250	0.001750	519.278406
-0.711250	0.005250	531.778406
-0.711250	0.008750	556.778406
-0.711250	0.012250	594.278406
-0.711250	0.015750	644.278406
-0.711250	0.019250	706.778406
-0.711250	0.022750	781.778406
-0.711250	0.026250	859.796844
-0.711250	0.029750	888.368273
-0.711250	0.033250	929.439702
-0.711250	0.036750	983.011130
-0.711250	0.040250	1049.082559
-0.711250	0.043750	1127.653987
-0.711250	0.047250	1218.725416
-0.711250	0.050750	1322.296844
-0.711250	0.054250	1416.170830
-0.711250	0.057750	1473.313687
-0.711250	0.061250	1499.255921
-0.711250	0.064750	1509.970207
-0.711250	0.068250	1533.184493
-0.668750	-0.068250	899.853196
-0.668750	-0.064750	876.638911
-0.668750	-0.061250	865.924625
-0.668750	-0.057750	867.710339
-0.668750	-0.054250	851.310030
-0.668750	-0.050750	806.667173
-0.668750	-0.047250	774.524316
-0.668750	-0.043750	754.881458
-0.668750	-0.040250	743.500137
-0.668750	-0.036750	677.428709
-0.668750	-0.033250	623.857280
-0.668750	-0.029750	582.785851
-0.668750	-0.026250	554.214423
-0.668750	-0.022750	538.142994
-0.668750	-0.019250	534.571566
-0.668750	-0.015750	543.500137
-0.668750	-0.012250	564.928709
-0.668750	-0.008750	528.206965
-0.668750	-0.005250	503.206965
-0.668750	-0.001750	490.706965
-0.668750	0.001750	490.706965
-0.668750	0.005250	503.206965
-0.668750	0.008750	528.206965
-0.668750	0.012250	565.706965
-0.668750	0.015750	615.706965
-0.668750	0.019250	678.206965
-0.668750	0.022750	753.206965
-0.668750	0.026250	831.225403
-0.668750	0.029750	859.796832
-0.668750	0.033250	900.868260
-0.668750	0.036750	954.439689
-0.668750	0.040250	1020.511118
-0.668750	0.043750	1099.082546
-0.668750	0.047250	1190.153975
-0.668750	0.050750	1293.725403
-0.668750	0.054250	1393.774548
-0.668750	0.057750	1450.917405
-0.668750	0.061250	1520.560262
-0.668750	0.064750	1552.827354
-0.668750	0.068250	1576.041640
-0.626250	-0.068250	883.781755
-0.626250	-0.064750	860.567470
-0.626250	-0.061250	849.853184
-0.626250	-0.057750	851.638898
-0.626250	-0.054250	835.238589
-0.626250	-0.050750	790.595732
-0.626250	-0.047250	758.452874
-0.626250	-0.043750	738.810017
-0.626250	-0.040250	727.428696
-0.626250	-0.036750	661.357267
-0.626250	-0.033250	607.785839
-0.626250	-0.029750	566.714410
-0.626250	-0.026250	538.142982
-0.626250	-0.022750	522.071553
-0.626250	-0.019250	518.500125
-0.626250	-0.015750	527.428696
-0.626250	-0.012250	548.857267
-0.626250	-0.008750	512.135523
-0.626250	-0.005250	487.135523
-0.626250	-0.001750	474.635523
-0.626250	0.001750	474.635523
-0.626250	0.005250	487.135523
-0.626250	0.008750	512.135523
-0.626250	0.012250	549.635523
-0.626250	0.015750	599.635523
-0.626250	0.019250	662.135523
-0.626250	0.022750	737.135523
-0.626250	0.026250	815.153962
-0.626250	0.029750	843.725391
-0.626250	0.033250	884.796819
-0.626250	0.036750	938.368248
-0.626250	0.040250	1004.439676
-0.626250	0.043750	1083.011105
-0.626250	0.047250	1174.082533
-0.626250	0.050750	1277.653962
-0.626250	0.054250	1377.703107
-0.626250	0.057750	1434.845964
-0.626250	0.061250	1504.488821
-0.626250	0.064750	1570.097783
-0.626250	0.068250	1593.312068
-0.583750	-0.068250	880.210314
-0.583750	-0.064750	856.996028
-0.583750	-0.061250	846.281743
-0.583750	-0.057750	848.067457
-0.583750	-0.054250	831.667147
-0.583750	-0.050750	787.024290
-0.583750	-0.047250	754.881433
-0.583750	-0.043750	735.238576
-0.583750	-0.040250	723.857255
-0.583750	-0.036750	657.785826
-0.583750	-0.033250	604.214398
-0.583750	-0.029750	563.142969
-0.583750	-0.026250	534.571540
-0.583750	-0.022750	518.500112
-0.583750	-0.019250	514.928683
-0.583750	-0.015750	523.857255
-0.583750	-0.012250	545.285826
-0.583750	-0.008750	508.564082
-0.583750	-0.005250	483.564082
-0.583750	-0.001750	471.064082
-0.583750	0.001750	471.064082
-0.583750	0.005250	483.564082
-0.583750	0.008750	508.564082
-0.583750	0.012250	546.064082
-0.583750	0.015750	596.064082
-0.583750	0.019250	658.564082
-0.583750	0.022750	733.564082
-0.583750	0.026250	811.582521
-0.583750	0.029750	840.153949
-0.583750	0.033250	881.225378
-0.583750	0.036750	934.796807
-0.583750	0.040250	1000.868235
-0.583750	0.043750	1079.439664
-0.583750	0.047250	1170.511092
-0.583750	0.050750	1274.082521
-0.583750	0.054250	1374.131666
-0.583750	0.057750	1431.274523
-0.583750	0.061250	1500.917380
-0.583750	0.064750	1566.526341
-0.583750	0.068250	1589.740627
-0.541250	-0.068250	889.138873
-0.541250	-0.064750	865.924587
-0.541250	-0.061250	855.210301
-0.541250	-0.057750	856.996016
-0.541250	-0.054250	840.595706
-0.541250	-0.050750	795.952849
-0.541250	-0.047250	763.809992
-0.541250	-0.043750	744.167135
-0.541250	-0.040250	732.785814
-0.541250	-0.036750	666.714385
-0.541250	-0.033250	613.142956
-0.541250	-0.029750	572.071528
-0.541250	-0.026250	543.500099
-0.541250	-0.022750	527.428671
-0.541250	-0.019250	523.857242
-0.541250	-0.015750	532.785814
-0.541250	-0.012250	554.214385
-0.541250	-0.008750	517.492641
-0.541250	-0.005250	492.492641
-0.541250	-0.001750	479.992641
-0.541250	0.001750	479.992641
-0.541250	0.005250	492.492641
-0.541250	0.008750	517.492641
-0.541250	0.012250	554.992641
-0.541250	0.015750	604.992641
-0.541250	0.019250	667.492641
-0.541250	0.022750	742.492641
-0.541250	0.026250	820.511080
-0.541250	0.029750	849.082508
-0.541250	0.033250	890.153937
-0.541250	0.036750	943.725365
-0.541250	0.040250	1009.796794
-0.541250	0.043750	1088.368223
-0.541250	0.047250	1179.439651
-0.541250	0.050750	1283.011080
-0.541250	0.054250	1383.060225
-0.541250	0.057750	1440.203082
-0.541250	0.061250	1509.845939
-0.541250	0.064750	1575.454900
-0.541250	0.068250	1598.669186
-0.498750	-0.068250	910.567432
-0.498750	-0.064750	887.353146
-0.498750	-0.061250	876.638860
-0.498750	-0.057750	878.424575
-0.498750	-0.054250	862.024265
-0.498750	-0.050750	817.381408
-0.498750	-0.047250	785.238551
-0.498750	-0.043750	765.595694
-0.498750	-0.040250	754.214372
-0.498750	-0.036750	688.142944
-0.498750	-0.033250	634.571515
-0.498750	-0.029750	593.500087
-0.498750	-0.026250	564.928658
-0.498750	-0.022750	548.857230
-0.498750	-0.019250	545.285801
-0.498750	-0.015750	554.214372
-0.498750	-0.012250	575.642944
-0.498750	-0.008750	538.921200
-0.498750	-0.005250	513.921200
-0.498750	-0.001750	501.421200
-0.498750	0.001750	501.421200
-0.498750	0.005250	513.921200
-0.498750	0.008750	538.921200
-0.498750	0.012250	576.421200
-0.498750	0.015750	626.421200
-0.498750	0.019250	688.921200
-0.498750	0.022750	763.921200
-0.498750	0.026250	841.939639
-0.498750	0.029750	870.511067
-0.498750	0.033250	911.582496
-0.498750	0.036750	965.153924
-0.498750	0.040250	1031.225353
-0.498750	0.043750	1109.796781
-0.498750	0.047250	1200.868210
-0.498750	0.050750	1304.439639
-0.498750	0.054250	1404.488783
-0.498750	0.057750	1461.631641
-0.498750	0.061250	1531.274498
-0.498750	0.064750	1596.883459
-0.498750	0.068250	1620.097745
-0.456250	-0.068250	915.539058
-0.456250	-0.064750	892.324772
-0.456250	-0.061250	881.610487
-0.456250	-0.057750	883.396201
-0.456250	-0.054250	894.712773
-0.456250	-0.050750	850.069916
-0.456250	-0.047250	817.927059
-0.456250	-0.043750	798.284202
-0.456250	-0.040250	788.142931
-0.456250	-0.036750	722.071503
-0.456250	-0.033250	668.500074
-0.456250	-0.029750	627.428646
-0.456250	-0.026250	598.857217
-0.456250	-0.022750	582.785788
-0.456250	-0.019250	579.214360
-0.456250	-0.015750	588.142931
-0.456250	-0.012250	609.571503
-0.456250	-0.008750	572.849759
-0.456250	-0.005250	547.849759
-0.456250	-0.001750	535.349759
-0.456250	0.001750	535.349759
-0.456250	0.005250	547.849759
-0.456250	0.008750	572.849759
-0.456250	0.012250	610.349759
-0.456250	0.015750	660.349759
-0.456250	0.019250	722.849759
-0.456250	0.022750	797.849759
-0.456250	0.026250	875.868197
-0.456250	0.029750	904.439626
-0.456250	0.033250	945.511054
-0.456250	0.036750	999.082483
-0.456250	0.040250	1065.153912
-0.456250	0.043750	1143.725340
-0.456250	0.047250	1234.796769
-0.456250	0.050750	1338.368197
-0.456250	0.054250	1438.417342
-0.456250	0.057750	1495.560199
-0.456250	0.061250	1565.203057
-0.456250	0.064750	1630.812018
-0.456250	0.068250	1654.026304
-0.413750	-0.068250	890.539058
-0.413750	-0.064750	867.324772
-0.413750	-0.061250	856.610487
-0.413750	-0.057750	858.396201
-0.413750	-0.054250	869.712773
-0.413750	-0.050750	825.069916
-0.413750	-0.047250	792.927059
-0.413750	-0.043750	773.284202
-0.413750	-0.040250	766.141344
-0.413750	-0.036750	768.500061
-0.413750	-0.033250	714.928633
-0.413750	-0.029750	673.857204
-0.413750	-0.026250	645.285776
-0.413750	-0.022750	629.214347
-0.413750	-0.019250	625.642919
-0.413750	-0.015750	634.571490
-0.413750	-0.012250	608.553122
-0.413750	-0.008750	571.053122
-0.413750	-0.005250	546.053122
-0.413750	-0.001750	533.553122
-0.413750	0.001750	533.553122
-0.413750	0.005250	546.053122
-0.413750	0.008750	571.053122
-0.413750	0.012250	608.553122
-0.413750	0.015750	658.553122
-0.413750	0.019250	721.053122
-0.413750	0.022750	796.053122
-0.413750	0.026250	874.342695
-0.413750	0.029750	902.914123
-0.413750	0.033250	943.985552
-0.413750	0.036750	997.556980
-0.413750	0.040250	1063.628409
-0.413750	0.043750	1142.199838
-0.413750	0.047250	1233.271266
-0.413750	0.050750	1336.842695
-0.413750	0.054250	1452.914123
-0.413750	0.057750	1541.988758
-0.413750	0.061250	1611.631615
-0.413750	0.064750	1677.240577
-0.413750	0.068250	1700.454862
-0.371250	-0.068250	878.039058
-0.371250	-0.064750	854.824772
-0.371250	-0.061250	844.110487
-0.371250	-0.057750	845.896201
-0.371250	-0.054250	857.212773
-0.371250	-0.050750	812.569916
-0.371250	-0.047250	780.427059
-0.371250	-0.043750	760.784202
-0.371250	-0.040250	753.641344
-0.371250	-0.036750	758.998487
-0.371250	-0.033250	716.924618
-0.371250	-0.029750	675.853189
-0.371250	-0.026250	647.281761
-0.371250	-0.022750	631.210332
-0.371250	-0.019250	627.638903
-0.371250	-0.015750	636.567475
-0.371250	-0.012250	596.053122
-0.371250	-0.008750	558.553122
-0.371250	-0.005250	533.553122
-0.371250	-0.001750	521.053122
-0.371250	0.001750	521.053122
-0.371250	0.005250	533.553122
-0.371250	0.008750	558.553122
-0.371250	0.012250	596.053122
-0.371250	0.015750	646.053122
-0.371250	0.019250	708.553122
-0.371250	0.022750	783.553122
-0.371250	0.026250	861.842695
-0.371250	0.029750	890.414123
-0.371250	0.033250	931.485552
-0.371250	0.036750	985.056980
-0.371250	0.040250	1051.128409
-0.371250	0.043750	1129.699838
-0.371250	0.047250	1220.771266
-0.371250	0.050750	1324.342695
-0.371250	0.054250	1440.414123
-0.371250	0.057750	1561.717235
-0.371250	0.061250	1631.360092
-0.371250	0.064750	1713.502949
-0.371250	0.068250	1759.383421
-0.328750	-0.068250	878.039058
-0.328750	-0.064750	854.824772
-0.328750	-0.061250	844.110487
-0.328750	-0.057750	845.896201
-0.328750	-0.054250	857.212773
-0.328750	-0.050750	812.569916
-0.328750	-0.047250	780.427059
-0.328750	-0.043750	760.784202
-0.328750	-0.040250	753.641344
-0.328750	-0.036750	758.998487
-0.328750	-0.033250	716.924618
-0.328750	-0.029750	675.853189
-0.328750	-0.026250	647.281761
-0.328750	-0.022750	631.210332
-0.328750	-0.019250	627.638903
-0.328750	-0.015750	636.567475
-0.328750	-0.012250	596.053122
-0.328750	-0.008750	558.553122
-0.328750	-0.005250	533.553122
-0.328750	-0.001750	521.053122
-0.328750	0.001750	521.053122
-0.328750	0.005250	533.553122
-0.328750	0.008750	558.553122
-0.328750	0.012250	596.053122
-0.328750	0.015750	646.053122
-0.328750	0.019250	708.553122
-0.328750	0.022750	783.553122
-0.328750	0.026250	861.842695
-0.328750	0.029750	890.414123
-0.328750	0.033250	931.485552
-0.328750	0.036750	985.056980
-0.328750	0.040250	1051.128409
-0.328750	0.043750	1129.699838
-0.328750	0.047250	1220.771266
-0.328750	0.050750	1324.342695
-0.328750	0.054250	1440.414123
-0.328750	0.057750	1561.717235
-0.328750	0.061250	1631.360092
-0.328750	0.064750	1713.502949
-0.328750	0.068250	1789.812611
-0.286250	-0.068250	890.539058
-0.286250	-0.064750	867.324772
-0.286250	-0.061250	856.610487
-0.286250	-0.057750	858.396201
-0.286250	-0.054250	869.712773
-0.286250	-0.050750	825.069916
-0.286250	-0.047250	792.927059
-0.286250	-0.043750	773.284202
-0.286250	-0.040250	766.141344
-0.286250	-0.036750	771.498487
-0.286250	-0.033250	729.424618
-0.286250	-0.029750	688.353189
-0.286250	-0.026250	659.781761
-0.286250	-0.022750	643.710332
-0.286250	-0.019250	640.138903
-0.286250	-0.015750	649.067475
-0.286250	-0.012250	608.553122
-0.286250	-0.008750	571.053122
-0.286250	-0.005250	546.053122
-0.286250	-0.001750	533.553122
-0.286250	0.001750	533.553122
-0.286250	0.005250	546.053122
-0.286250	0.008750	571.053122
-0.286250	0.012250	608.553122
-0.286250	0.015750	658.553122
-0.286250	0.019250	721.053122
-0.286250	0.022750	796.053122
-0.286250	0.026250	874.342695
-0.286250	0.029750	902.914123
-0.286250	0.033250	943.985552
-0.286250	0.036750	997.556980
-0.286250	0.040250	1063.628409
-0.286250	0.043750	1142.199838
-0.286250	0.047250	1233.271266
-0.286250	0.050750	1336.842695
-0.286250	0.054250	1452.914123
-0.286250	0.057750	1574.217235
-0.286250	0.061250	1643.860092
-0.286250	0.064750	1726.002949
-0.286250	0.068250	1802.312611
-0.243750	-0.068250	915.539058
-0.243750	-0.064750	892.324772
-0.243750	-0.061250	881.610487
-0.243750	-0.057750	883.396201
-0.243750	-0.054250	894.712773
-0.243750	-0.050750	850.069916
-0.243750	-0.047250	817.927059
-0.243750	-0.043750	798.284202
-0.243750	-0.040250	791.141344
-0.243750	-0.036750	796.498487
-0.243750	-0.033250	754.424618
-0.243750	-0.029750	713.353189
-0.243750	-0.026250	684.781761
-0.243750	-0.022750	668.710332
-0.243750	-0.019250	665.138903
-0.243750	-0.015750	674.067475
-0.243750	-0.012250	633.553122
-0.243750	-0.008750	596.053122
-0.243750	-0.005250	571.053122
-0.243750	-0.001750	558.553122
-0.243750	0.001750	558.553122
-0.243750	0.005250	571.053122
-0.243750	0.008750	596.053122
-0.243750	0.012250	633.553122
-0.243750	0.015750	683.553122
-0.243750	0.019250	746.053122
-0.243750	0.022750	821.053122
-0.243750	0.026250	899.342695
-0.243750	0.029750	927.914123
-0.243750	0.033250	968.985552
-0.243750	0.036750	1022.556980
-0.243750	0.040250	1088.628409
-0.243750	0.043750	1167.199838
-0.243750	0.047250	1258.271266
-0.243750	0.050750	1361.842695
-0.243750	0.054250	1477.914123
-0.243750	0.057750	1599.217235
-0.243750	0.061250	1668.860092
-0.243750	0.064750	1751.002949
-0.243750	0.068250	1827.312611
-0.201250	-0.068250	925.065441
-0.201250	-0.064750	901.851156
-0.201250	-0.061250	891.136870
-0.201250	-0.057750	892.922584
-0.201250	-0.054250	907.208298
-0.201250	-0.050750	887.569916
-0.201250	-0.047250	855.427059
-0.201250	-0.043750	835.784202
-0.201250	-0.040250	828.641344
-0.201250	-0.036750	833.998487
-0.201250	-0.033250	791.924618
-0.201250	-0.029750	750.853189
-0.201250	-0.026250	722.281761
-0.201250	-0.022750	706.210332
-0.201250	-0.019250	702.638903
-0.201250	-0.015750	711.567475
-0.201250	-0.012250	671.053122
-0.201250	-0.008750	633.553122
-0.201250	-0.005250	608.553122
-0.201250	-0.001750	596.053122
-0.201250	0.001750	596.053122
-0.201250	0.005250	608.553122
-0.201250	0.008750	633.553122
-0.201250	0.012250	671.053122
-0.201250	0.015750	721.053122
-0.201250	0.019250	783.553122
-0.201250	0.022750	858.553122
-0.201250	0.026250	936.842695
-0.201250	0.029750	965.414123
-0.201250	0.033250	1006.485552
-0.201250	0.036750	1060.056980
-0.201250	0.040250	1126.128409
-0.201250	0.043750	1204.699838
-0.201250	0.047250	1295.771266
-0.201250	0.050750	1399.342695
-0.201250	0.054250	1515.414123
-0.201250	0.057750	1636.717235
-0.201250	0.061250	1706.360092
-0.201250	0.064750	1788.502949
-0.201250	0.068250	1864.812611
-0.158750	-0.068250	903.636882
-0.158750	-0.064750	880.422597
-0.158750	-0.061250	869.708311
-0.158750	-0.057750	871.494025
-0.158750	-0.054250	885.779740
-0.158750	-0.050750	870.966256
-0.158750	-0.047250	838.823399
-0.158750	-0.043750	819.180541
-0.158750	-0.040250	812.037684
-0.158750	-0.036750	817.394827
-0.158750	-0.033250	835.251970
-0.158750	-0.029750	800.514721
-0.158750	-0.026250	771.943292
-0.158750	-0.022750	755.871864
-0.158750	-0.019250	752.300435
-0.158750	-0.015750	761.229006
-0.158750	-0.012250	721.053122
-0.158750	-0.008750	683.553122
-0.158750	-0.005250	658.553122
-0.158750	-0.001750	646.053122
-0.158750	0.001750	646.053122
-0.158750	0.005250	658.553122
-0.158750	0.008750	683.553122
-0.158750	0.012250	721.053122
-0.158750	0.015750	771.053122
-0.158750	0.019250	833.553122
-0.158750	0.022750	908.553122
-0.158750	0.026250	986.842695
-0.158750	0.029750	1015.414123
-0.158750	0.033250	1056.485552
-0.158750	0.036750	1110.056980
-0.158750	0.040250	1176.128409
-0.158750	0.043750	1254.699838
-0.158750	0.047250	1345.771266
-0.158750	0.050750	1449.342695
-0.158750	0.054250	1565.414123
-0.158750	0.057750	1686.717235
-0.158750	0.061250	1756.360092
-0.158750	0.064750	1838.502949
-0.158750	0.068250	1914.812611
-0.116250	-0.068250	894.708324
-0.116250	-0.064750	871.494038
-0.116250	-0.061250	860.779752
-0.116250	-0.057750	862.565466
-0.116250	-0.054250	876.851181
-0.116250	-0.050750	862.037697
-0.116250	-0.047250	829.894840
-0.116250	-0.043750	810.251983
-0.116250	-0.040250	803.109126
-0.116250	-0.036750	808.466268
-0.116250	-0.033250	826.323411
-0.116250	-0.029750	791.586162
-0.116250	-0.026250	763.014733
-0.116250	-0.022750	746.943305
-0.116250	-0.019250	743.371876
-0.116250	-0.015750	752.300448
-0.116250	-0.012250	773.729019
-0.116250	-0.008750	746.053122
-0.116250	-0.005250	721.053122
-0.116250	-0.001750	708.553122
-0.116250	0.001750	708.553122
-0.116250	0.005250	721.053122
-0.116250	0.008750	746.053122
-0.116250	0.012250	783.553122
-0.116250	0.015750	833.553122
-0.116250	0.019250	896.053122
-0.116250	0.022750	971.053122
-0.116250	0.026250	1049.342695
-0.116250	0.029750	1077.914123
-0.116250	0.033250	1118.985552
-0.116250	0.036750	1172.556980
-0.116250	0.040250	1238.628409
-0.116250	0.043750	1317.199838
-0.116250	0.047250	1408.271266
-0.116250	0.050750	1511.842695
-0.116250	0.054250	1627.914123
-0.116250	0.057750	1749.217235
-0.116250	0.061250	1818.860092
-0.116250	0.064750	1901.002949
-0.116250	0.068250	1977.312611
-0.073750	-0.068250	898.279765
-0.073750	-0.064750	875.065479
-0.073750	-0.061250	864.351193
-0.073750	-0.057750	866.136908
-0.073750	-0.054250	880.422622
-0.073750	-0.050750	865.609138
-0.073750	-0.047250	833.466281
-0.073750	-0.043750	813.823424
-0.073750	-0.040250	806.680567
-0.073750	-0.036750	812.037710
-0.073750	-0.033250	829.894852
-0.073750	-0.029750	795.157603
-0.073750	-0.026250	766.586175
-0.073750	-0.022750	750.514746
-0.073750	-0.019250	746.943317
-0.073750	-0.015750	755.871889
-0.073750	-0.012250	777.300460
-0.073750	-0.008750	811.229032
-0.073750	-0.005250	796.053122
-0.073750	-0.001750	783.553122
-0.073750	0.001750	783.553122
-0.073750	0.005250	796.053122
-0.073750	0.008750	821.053122
-0.073750	0.012250	858.553122
-0.073750	0.015750	908.553122
-0.073750	0.019250	971.053122
-0.073750	0.022750	1046.053122
-0.073750	0.026250	1124.342695
-0.073750	0.029750	1152.914123
-0.073750	0.033250	1193.985552
-0.073750	0.036750	1247.556980
-0.073750	0.040250	1313.628409
-0.073750	0.043750	1392.199838
-0.073750	0.047250	1483.271266
-0.073750	0.050750	1586.842695
-0.073750	0.054250	1702.914123
-0.073750	0.057750	1824.217235
-0.073750	0.061250	1893.860092
-0.073750	0.064750	1976.002949
-0.073750	0.068250	2052.312611
-0.031250	-0.068250	914.351206
-0.031250	-0.064750	891.136920
-0.031250	-0.061250	880.422635
-0.031250	-0.057750	882.208349
-0.031250	-0.054250	896.494063
-0.031250	-0.050750	881.680579
-0.031250	-0.047250	849.537722
-0.031250	-0.043750	829.894865
-0.031250	-0.040250	822.752008
-0.031250	-0.036750	828.109151
-0.031250	-0.033250	845.966294
-0.031250	-0.029750	811.229044
-0.031250	-0.026250	782.657616
-0.031250	-0.022750	766.586187
-0.031250	-0.019250	763.014759
-0.031250	-0.015750	771.943330
-0.031250	-0.012250	793.371901
-0.031250	-0.008750	827.300473
-0.031250	-0.005250	873.729044
-0.031250	-0.001750	871.053122
-0.031250	0.001750	871.053122
-0.031250	0.005250	883.553122
-0.031250	0.008750	908.553122
-0.031250	0.012250	946.053122
-0.031250	0.015750	996.053122
-0.031250	0.019250	1058.553122
-0.031250	0.022750	1133.553122
-0.031250	0.026250	1211.842695
-0.031250	0.029750	1240.414123
-0.031250	0.033250	1281.485552
-0.031250	0.036750	1335.056980
-0.031250	0.040250	1401.128409
-0.031250	0.043750	1479.699838
-0.031250	0.047250	1570.771266
-0.031250	0.050750	1674.342695
-0.031250	0.054250	1790.414123
-0.031250	0.057750	1911.717235
-0.031250	0.061250	1981.360092
-0.031250	0.064750	2063.502949
-0.031250	0.068250	2138.761956
0.011250	-0.068250	942.922647
0.011250	-0.064750	919.708361
0.011250	-0.061250	908.994076
0.011250	-0.057750	910.779790
0.011250	-0.054250	925.065504
0.011250	-0.050750	910.252020
0.011250	-0.047250	878.109163
0.011250	-0.043750	858.466306
0.011250	-0.040250	851.323449
0.011250	-0.036750	856.680592
0.011250	-0.033250	874.537735
0.011250	-0.029750	839.800485
0.011250	-0.026250	811.229057
0.011250	-0.022750	795.157628
0.011250	-0.019250	791.586200
0.011250	-0.015750	800.514771
0.011250	-0.012250	821.943343
0.011250	-0.008750	855.871914
0.011250	-0.005250	902.300485
0.011250	-0.001750	961.229057
0.011250	0.001750	971.053122
0.011250	0.005250	983.553122
0.011250	0.008750	1008.553122
0.011250	0.012250	1046.053122
0.011250	0.015750	1096.053122
0.011250	0.019250	1158.553122
0.011250	0.022750	1233.553122
0.011250	0.026250	1311.842695
0.011250	0.029750	1340.414123
0.011250	0.033250	1381.485552
0.011250	0.036750	1435.056980
0.011250	0.040250	1501.128409
0.011250	0.043750	1579.699838
0.011250	0.047250	1670.771266
0.011250	0.050750	1774.342695
0.011250	0.054250	1890.414123
0.011250	0.057750	2011.717235
0.011250	0.061250	2081.360092
0.011250	0.064750	2144.119111
0.011250	0.068250	2167.333397
0.053750	-0.068250	950.077238
0.053750	-0.064750	926.862953
0.053750	-0.061250	916.148667
0.053750	-0.057750	917.934381
0.053750	-0.054250	932.220095
0.053750	-0.050750	944.284948
0.053750	-0.047250	912.142091
0.053750	-0.043750	892.499234
0.053750	-0.040250	885.356377
0.053750	-0.036750	890.713520
0.053750	-0.033250	908.570663
0.053750	-0.029750	880.871927
0.053750	-0.026250	852.300498
0.053750	-0.022750	836.229069
0.053750	-0.019250	832.657641
0.053750	-0.015750	841.586212
0.053750	-0.012250	863.014784
0.053750	-0.008750	896.943355
0.053750	-0.005250	943.371927
0.053750	-0.001750	1002.300498
0.053750	0.001750	1073.729069
0.053750	0.005250	1096.053122
0.053750	0.008750	1121.053122
0.053750	0.012250	1158.553122
0.053750	0.015750	1208.553122
0.053750	0.019250	1271.053122
0.053750	0.022750	1346.053122
0.053750	0.026250	1424.342695
0.053750	0.029750	1452.914123
0.053750	0.033250	1493.985552
0.053750	0.036750	1547.556980
0.053750	0.040250	1613.628409
0.053750	0.043750	1692.199838
0.053750	0.047250	1783.271266
0.053750	0.050750	1886.842695
0.053750	0.054250	2002.914123
0.053750	0.057750	2073.053677
0.053750	0.061250	2142.696534
0.053750	0.064750	2185.190552
0.053750	0.068250	2208.404838
0.096250	-0.068250	932.220091
0.096250	-0.064750	909.005805
0.096250	-0.061250	898.291520
0.096250	-0.057750	900.077234
0.096250	-0.054250	914.362948
0.096250	-0.050750	926.427801
0.096250	-0.047250	894.284944
0.096250	-0.043750	874.642087
0.096250	-0.040250	867.499230
0.096250	-0.036750	872.856373
0.096250	-0.033250	890.713516
0.096250	-0.029750	921.070658
0.096250	-0.026250	905.871939
0.096250	-0.022750	889.800511
0.096250	-0.019250	886.229082
0.096250	-0.015750	895.157654
0.096250	-0.012250	916.586225
0.096250	-0.008750	950.514796
0.096250	-0.005250	996.943368
0.096250	-0.001750	1055.871939
0.096250	0.001750	1127.300511
0.096250	0.005250	1211.229082
0.096250	0.008750	1246.053122
0.096250	0.012250	1283.553122
0.096250	0.015750	1333.553122
0.096250	0.019250	1396.053122
0.096250	0.022750	1471.053122
0.096250	0.026250	1548.179127
0.096250	0.029750	1576.750556
0.096250	0.033250	1617.821984
0.096250	0.036750	1671.393413
0.096250	0.040250	1737.464841
0.096250	0.043750	1816.036270
0.096250	0.047250	1907.107698
0.096250	0.050750	2010.679127
0.096250	0.054250	2069.482261
0.096250	0.057750	2126.625118
0.096250	0.061250	2196.267975
0.096250	0.064750	2238.761994
0.096250	0.068250	2261.976279
0.138750	-0.068250	926.862944
0.138750	-0.064750	903.648658
0.138750	-0.061250	892.934373
0.138750	-0.057750	894.720087
0.138750	-0.054250	909.005801
0.138750	-0.050750	921.070654
0.138750	-0.047250	888.927797
0.138750	-0.043750	869.284940
0.138750	-0.040250	862.142083
0.138750	-0.036750	867.499226
0.138750	-0.033250	885.356369
0.138750	-0.029750	915.713511
0.138750	-0.026250	958.570654
0.138750	-0.022750	955.871952
0.138750	-0.019250	952.300523
0.138750	-0.015750	961.229095
0.138750	-0.012250	982.657666
0.138750	-0.008750	1016.586238
0.138750	-0.005250	1063.014809
0.138750	-0.001750	1121.943380
0.138750	0.001750	1193.371952
0.138750	0.005250	1277.300523
0.138750	0.008750	1327.151398
0.138750	0.012250	1364.651398
0.138750	0.015750	1414.651398
0.138750	0.019250	1477.151398
0.138750	0.022750	1552.151398
0.138750	0.026250	1614.250568
0.138750	0.029750	1642.821997
0.138750	0.033250	1683.893425
0.138750	0.036750	1737.464854
0.138750	0.040250	1803.536283
0.138750	0.043750	1882.107711
0.138750	0.047250	1973.179140
0.138750	0.050750	2076.750568
0.138750	0.054250	2135.553702
0.138750	0.057750	2192.696559
0.138750	0.061250	2262.339417
0.138750	0.064750	2304.833435
0.138750	0.068250	2328.047720
0.181250	-0.068250	934.005797
0.181250	-0.064750	910.791511
0.181250	-0.061250	900.077226
0.181250	-0.057750	901.862940
0.181250	-0.054250	916.148654
0.181250	-0.050750	928.213507
0.181250	-0.047250	896.070650
0.181250	-0.043750	876.427793
0.181250	-0.040250	869.284936
0.181250	-0.036750	874.642079
0.181250	-0.033250	892.499221
0.181250	-0.029750	922.856364
0.181250	-0.026250	965.713507
0.181250	-0.022750	1021.070650
0.181250	-0.019250	1030.871964
0.181250	-0.015750	1039.800536
0.181250	-0.012250	1061.229107
0.181250	-0.008750	1095.157679
0.181250	-0.005250	1141.586250
0.181250	-0.001750	1200.514822
0.181250	0.001750	1271.943393
0.181250	0.005250	1355.871964
0.181250	0.008750	1405.722839
0.181250	0.012250	1443.222839
0.181250	0.015750	1493.222839
0.181250	0.019250	1555.722839
0.181250	0.022750	1630.722839
0.181250	0.026250	1692.822009
0.181250	0.029750	1721.393438
0.181250	0.033250	1762.464867
0.181250	0.036750	1816.036295
0.181250	0.040250	1882.107724
0.181250	0.043750	1960.679152
0.181250	0.047250	2051.750581
0.181250	0.050750	2155.322009
0.181250	0.054250	2214.125143
0.181250	0.057750	2271.268001
0.181250	0.061250	2340.910858
0.181250	0.064750	2383.404876
0.181250	0.068250	2406.619162
0.223750	-0.068250	953.648650
0.223750	-0.064750	930.434364
0.223750	-0.061250	919.720079
0.223750	-0.057750	921.505793
0.223750	-0.054250	935.791507
0.223750	-0.050750	947.856360
0.223750	-0.047250	915.713503
0.223750	-0.043750	896.070646
0.223750	-0.040250	888.927789
0.223750	-0.036750	894.284932
0.223750	-0.033250	912.142074
0.223750	-0.029750	942.499217
0.223750	-0.026250	985.356360
0.223750	-0.022750	1040.713503
0.223750	-0.019250	1108.570646
0.223750	-0.015750	1130.871977
0.223750	-0.012250	1152.300548
0.223750	-0.008750	1186.229120
0.223750	-0.005250	1232.657691
0.223750	-0.001750	1291.586263
0.223750	0.001750	1363.014834
0.223750	0.005250	1446.943406
0.223750	0.008750	1496.794281
0.223750	0.012250	1534.294281
0.223750	0.015750	1584.294281
0.223750	0.019250	1646.794281
0.223750	0.022750	1721.794281
0.223750	0.026250	1783.893451
0.223750	0.029750	1812.464879
0.223750	0.033250	1853.536308
0.223750	0.036750	1907.107736
0.223750	0.040250	1973.179165
0.223750	0.043750	2051.750593
0.223750	0.047250	2142.822022
0.223750	0.050750	2246.393451
0.223750	0.054250	2305.196585
0.223750	0.057750	2362.339442
0.223750	0.061250	2431.982299
0.223750	0.064750	2474.476317
0.223750	0.068250	2497.690603
0.266250	-0.068250	959.775741
0.266250	-0.064750	936.561456
0.266250	-0.061250	925.847170
0.266250	-0.057750	927.632884
0.266250	-0.054250	941.918599
0.266250	-0.050750	968.704313
0.266250	-0.047250	947.856356
0.266250	-0.043750	928.213499
0.266250	-0.040250	921.070642
0.266250	-0.036750	926.427785
0.266250	-0.033250	944.284927
0.266250	-0.029750	974.642070
0.266250	-0.026250	1017.499213
0.266250	-0.022750	1072.856356
0.266250	-0.019250	1140.713499
0.266250	-0.015750	1221.070642
0.266250	-0.012250	1255.871990
0.266250	-0.008750	1289.800561
0.266250	-0.005250	1336.229133
0.266250	-0.001750	1395.157704
0.266250	0.001750	1466.586275
0.266250	0.005250	1550.514847
0.266250	0.008750	1600.365722
0.266250	0.012250	1637.865722
0.266250	0.015750	1687.865722
0.266250	0.019250	1750.365722
0.266250	0.022750	1825.365722
0.266250	0.026250	1887.464892
0.266250	0.029750	1916.036320
0.266250	0.033250	1957.107749
0.266250	0.036750	2010.679177
0.266250	0.040250	2076.750606
0.266250	0.043750	2155.322035
0.266250	0.047250	2246.393463
0.266250	0.050750	2349.964892
0.266250	0.054250	2408.768026
0.266250	0.057750	2465.910883
0.266250	0.061250	2520.732631
0.266250	0.064750	2531.446917
0.266250	0.068250	2554.661202
0.308750	-0.068250	932.990036
0.308750	-0.064750	909.775750
0.308750	-0.061250	899.061464
0.308750	-0.057750	900.847178
0.308750	-0.054250	915.132893
0.308750	-0.050750	941.918607
0.308750	-0.047250	959.294028
0.308750	-0.043750	939.651171
0.308750	-0.040250	932.508314
0.308750	-0.036750	937.865457
0.308750	-0.033250	955.722600
0.308750	-0.029750	986.079743
0.308750	-0.026250	1028.936885
0.308750	-0.022750	1084.294028
0.308750	-0.019250	1152.151171
0.308750	-0.015750	1232.508314
0.308750	-0.012250	1325.365457
0.308750	-0.008750	1405.872002
0.308750	-0.005250	1452.300574
0.308750	-0.001750	1511.229145
0.308750	0.001750	1582.657717
0.308750	0.005250	1666.586288
0.308750	0.008750	1716.437163
0.308750	0.012250	1753.937163
0.308750	0.015750	1803.937163
0.308750	0.019250	1866.437163
0.308750	0.022750	1941.437163
0.308750	0.026250	2003.536333
0.308750	0.029750	2032.107761
0.308750	0.033250	2073.179190
0.308750	0.036750	2126.750619
0.308750	0.040250	2192.822047
0.308750	0.043750	2271.393476
0.308750	0.047250	2362.464904
0.308750	0.050750	2458.992369
0.308750	0.054250	2503.635226
0.308750	0.057750	2560.778083
0.308750	0.061250	2565.375484
0.308750	0.064750	2576.089770
0.308750	0.068250	2599.304055
0.351250	-0.068250	918.704330
0.351250	-0.064750	895.490044
0.351250	-0.061250	884.775758
0.351250	-0.057750	886.561472
0.351250	-0.054250	900.847187
0.351250	-0.050750	927.632901
0.351250	-0.047250	945.008322
0.351250	-0.043750	925.365465
0.351250	-0.040250	918.222608
0.351250	-0.036750	923.579751
0.351250	-0.033250	941.436894
0.351250	-0.029750	971.794037
0.351250	-0.026250	1014.651180
0.351250	-0.022750	1070.008322
0.351250	-0.019250	1137.865465
0.351250	-0.015750	1218.222608
0.351250	-0.012250	1311.079751
0.351250	-0.008750	1416.436894
0.351250	-0.005250	1534.294037
0.351250	-0.001750	1639.800586
0.351250	0.001750	1711.229158
0.351250	0.005250	1795.157729
0.351250	0.008750	1845.008604
0.351250	0.012250	1882.508604
0.351250	0.015750	1932.508604
0.351250	0.019250	1995.008604
0.351250	0.022750	2070.008604
0.351250	0.026250	2132.107774
0.351250	0.029750	2160.679203
0.351250	0.033250	2201.750631
0.351250	0.036750	2255.322060
0.351250	0.040250	2321.393488
0.351250	0.043750	2399.964917
0.351250	0.047250	2483.992364
0.351250	0.050750	2516.135222
0.351250	0.054250	2560.778079
0.351250	0.057750	2617.920936
0.351250	0.061250	2622.518337
0.351250	0.064750	2633.232622
0.351250	0.068250	2656.446908
0.393750	-0.068250	916.918624
0.393750	-0.064750	893.704338
0.393750	-0.061250	882.990052
0.393750	-0.057750	884.775767
0.393750	-0.054250	899.061481
0.393750	-0.050750	925.847195
0.393750	-0.047250	943.222617
0.393750	-0.043750	923.579759
0.393750	-0.040250	916.436902
0.393750	-0.036750	921.794045
0.393750	-0.033250	939.651188
0.393750	-0.029750	970.008331
0.393750	-0.026250	1012.865474
0.393750	-0.022750	1068.222617
0.393750	-0.019250	1136.079759
0.393750	-0.015750	1216.436902
0.393750	-0.012250	1309.294045
0.393750	-0.008750	1414.651188
0.393750	-0.005250	1532.508331
0.393750	-0.001750	1662.865474
0.393750	0.001750	1805.722617
0.393750	0.005250	1936.229170
0.393750	0.008750	1986.080045
0.393750	0.012250	2023.580045
0.393750	0.015750	2073.580045
0.393750	0.019250	2136.080045
0.393750	0.022750	2211.080045
0.393750	0.026250	2238.192230
0.393750	0.029750	2266.763659
0.393750	0.033250	2307.835087
0.393750	0.036750	2361.406516
0.393750	0.040250	2427.477944
0.393750	0.043750	2506.049373
0.393750	0.047250	2553.635217
0.393750	0.050750	2585.778075
0.393750	0.054250	2630.420932
0.393750	0.057750	2687.563789
0.393750	0.061250	2692.161190
0.393750	0.064750	2702.875475
0.393750	0.068250	2726.089761
0.436250	-0.068250	927.632918
0.436250	-0.064750	904.418632
0.436250	-0.061250	893.704346
0.436250	-0.057750	895.490061
0.436250	-0.054250	909.775775
0.436250	-0.050750	936.561489
0.436250	-0.047250	953.936911
0.436250	-0.043750	934.294054
0.436250	-0.040250	927.151196
0.436250	-0.036750	932.508339
0.436250	-0.033250	950.365482
0.436250	-0.029750	980.722625
0.436250	-0.026250	1023.579768
0.436250	-0.022750	1078.936911
0.436250	-0.019250	1146.794054
0.436250	-0.015750	1227.151196
0.436250	-0.012250	1320.008339
0.436250	-0.008750	1425.365482
0.436250	-0.005250	1543.222625
0.436250	-0.001750	1673.579768
0.436250	0.001750	1816.436911
0.436250	0.005250	1971.794054
0.436250	0.008750	2139.651196
0.436250	0.012250	2177.151487
0.436250	0.015750	2227.151487
0.436250	0.019250	2289.651487
0.436250	0.022750	2304.263654
0.436250	0.026250	2320.335083
0.436250	0.029750	2348.906512
0.436250	0.033250	2389.977940
0.436250	0.036750	2443.549369
0.436250	0.040250	2509.620797
0.436250	0.043750	2588.192226
0.436250	0.047250	2635.778070
0.436250	0.050750	2667.920928
0.436250	0.054250	2712.563785
0.436250	0.057750	2769.706642
0.436250	0.061250	2774.304043
0.436250	0.064750	2785.018328
0.436250	0.068250	2808.232614
0.478750	-0.068250	950.847212
0.478750	-0.064750	927.632926
0.478750	-0.061250	916.918641
0.478750	-0.057750	918.704355
0.478750	-0.054250	932.990069
0.478750	-0.050750	959.775783
0.478750	-0.047250	977.151205
0.478750	-0.043750	957.508348
0.478750	-0.040250	950.365490
0.478750	-0.036750	955.722633
0.478750	-0.033250	973.579776
0.478750	-0.029750	1003.936919
0.478750	-0.026250	1046.794062
0.478750	-0.022750	1102.151205
0.478750	-0.019250	1170.008348
0.478750	-0.015750	1250.365490
0.478750	-0.012250	1343.222633
0.478750	-0.008750	1448.579776
0.478750	-0.005250	1566.436919
0.478750	-0.001750	1696.794062
0.478750	0.001750	1839.651205
0.478750	0.005250	1995.008348
0.478750	0.008750	2162.865490
0.478750	0.012250	2343.222633
0.478750	0.015750	2393.222928
0.478750	0.019250	2395.335079
0.478750	0.022750	2398.906507
0.478750	0.026250	2414.977936
0.478750	0.029750	2443.549365
0.478750	0.033250	2484.620793
0.478750	0.036750	2538.192222
0.478750	0.040250	2604.263650
0.478750	0.043750	2639.349507
0.478750	0.047250	2658.992364
0.478750	0.050750	2691.135222
0.478750	0.054250	2735.778079
0.478750	0.057750	2792.920936
0.478750	0.061250	2797.518337
0.478750	0.064750	2808.232622
0.478750	0.068250	2831.446908
