-1.178750	-0.068250	624.653941
-1.178750	-0.064750	614.426655
-1.178750	-0.061250	616.699369
-1.178750	-0.057750	631.472083
-1.178750	-0.054250	620.108409
-1.178750	-0.050750	614.426588
-1.178750	-0.047250	621.244766
-1.178750	-0.043750	629.199302
-1.178750	-0.040250	615.562945
-1.178750	-0.036750	614.426588
-1.178750	-0.033250	625.790231
-1.178750	-0.029750	623.517481
-1.178750	-0.026250	614.426588
-1.178750	-0.022750	617.835695
-1.178750	-0.019250	600.621916
-1.178750	-0.015750	583.576452
-1.178750	-0.012250	579.030987
-1.178750	-0.008750	586.985523
-1.178750	-0.005250	607.440059
-1.178750	-0.001750	638.526142
-1.178750	0.001750	638.526142
-1.178750	0.005250	651.026142
-1.178750	0.008750	676.026142
-1.178750	0.012250	711.647327
-1.178750	0.015750	716.192791
-1.178750	0.019250	733.238256
-1.178750	0.022750	762.783720
-1.178750	0.026250	802.539997
-1.178750	0.029750	811.630890
-1.178750	0.033250	833.221783
-1.178750	0.036750	867.312676
-1.178750	0.040250	896.719924
-1.178750	0.043750	910.356281
-1.178750	0.047250	936.492638
-1.178750	0.050750	966.235477
-1.178750	0.054250	971.917298
-1.178750	0.057750	990.099120
-1.178750	0.061250	999.289619
-1.178750	0.064750	997.016905
-1.178750	0.068250	1007.244191
-1.136250	-0.068250	614.426588
-1.136250	-0.064750	604.199302
-1.136250	-0.061250	606.472016
-1.136250	-0.057750	621.244731
-1.136250	-0.054250	609.881056
-1.136250	-0.050750	604.199235
-1.136250	-0.047250	611.017413
-1.136250	-0.043750	618.971949
-1.136250	-0.040250	605.335592
-1.136250	-0.036750	604.199235
-1.136250	-0.033250	615.562878
-1.136250	-0.029750	613.290128
-1.136250	-0.026250	604.199235
-1.136250	-0.022750	607.608342
-1.136250	-0.019250	590.394563
-1.136250	-0.015750	573.349099
-1.136250	-0.012250	568.803634
-1.136250	-0.008750	576.758170
-1.136250	-0.005250	597.212706
-1.136250	-0.001750	628.298790
-1.136250	0.001750	628.298790
-1.136250	0.005250	640.798790
-1.136250	0.008750	665.798790
-1.136250	0.012250	701.419974
-1.136250	0.015750	705.965438
-1.136250	0.019250	723.010903
-1.136250	0.022750	752.556367
-1.136250	0.026250	792.312644
-1.136250	0.029750	801.403537
-1.136250	0.033250	822.994430
-1.136250	0.036750	857.085323
-1.136250	0.040250	886.492571
-1.136250	0.043750	900.128928
-1.136250	0.047250	926.265285
-1.136250	0.050750	956.008124
-1.136250	0.054250	961.689945
-1.136250	0.057750	979.871767
-1.136250	0.061250	989.062266
-1.136250	0.064750	986.789552
-1.136250	0.068250	997.016838
-1.093750	-0.068250	616.699235
-1.093750	-0.064750	606.471949
-1.093750	-0.061250	608.744663
-1.093750	-0.057750	623.517378
-1.093750	-0.054250	612.153703
-1.093750	-0.050750	606.471882
-1.093750	-0.047250	613.290060
-1.093750	-0.043750	611.997102
-1.093750	-0.040250	598.360745
-1.093750	-0.036750	597.224388
-1.093750	-0.033250	594.827639
-1.093750	-0.029750	573.236746
-1.093750	-0.026250	564.145853
-1.093750	-0.022750	567.554960
-1.093750	-0.019250	583.464067
-1.093750	-0.015750	575.621746
-1.093750	-0.012250	571.076281
-1.093750	-0.008750	579.030817
-1.093750	-0.005250	599.485353
-1.093750	-0.001750	629.734180
-1.093750	0.001750	629.734180
-1.093750	0.005250	642.234180
-1.093750	0.008750	667.234180
-1.093750	0.012250	702.688426
-1.093750	0.015750	707.233890
-1.093750	0.019250	724.279355
-1.093750	0.022750	753.824819
-1.093750	0.026250	794.585292
-1.093750	0.029750	803.676184
-1.093750	0.033250	825.267077
-1.093750	0.036750	859.357970
-1.093750	0.040250	888.765218
-1.093750	0.043750	902.401575
-1.093750	0.047250	928.537932
-1.093750	0.050750	958.280771
-1.093750	0.054250	963.962593
-1.093750	0.057750	982.144414
-1.093750	0.061250	991.334913
-1.093750	0.064750	989.062199
-1.093750	0.068250	999.289485
-1.051250	-0.068250	619.022901
-1.051250	-0.064750	608.795616
-1.051250	-0.061250	611.068330
-1.051250	-0.057750	606.200567
-1.051250	-0.054250	588.018746
-1.051250	-0.050750	582.336924
-1.051250	-0.047250	589.155103
-1.051250	-0.043750	581.315279
-1.051250	-0.040250	567.678922
-1.051250	-0.036750	566.542564
-1.051250	-0.033250	564.145815
-1.051250	-0.029750	542.554923
-1.051250	-0.026250	533.464030
-1.051250	-0.022750	536.873137
-1.051250	-0.019250	552.782244
-1.051250	-0.015750	546.654981
-1.051250	-0.012250	542.109517
-1.051250	-0.008750	550.064053
-1.051250	-0.005250	570.518588
-1.051250	-0.001750	599.052357
-1.051250	0.001750	599.052357
-1.051250	0.005250	611.552357
-1.051250	0.008750	636.552357
-1.051250	0.012250	672.006603
-1.051250	0.015750	676.552067
-1.051250	0.019250	693.597531
-1.051250	0.022750	723.142995
-1.051250	0.026250	765.188460
-1.051250	0.029750	809.865789
-1.051250	0.033250	831.456682
-1.051250	0.036750	865.547575
-1.051250	0.040250	903.537865
-1.051250	0.043750	917.174222
-1.051250	0.047250	943.310579
-1.051250	0.050750	973.053418
-1.051250	0.054250	978.735240
-1.051250	0.057750	996.917061
-1.051250	0.061250	1006.107560
-1.051250	0.064750	1003.834846
-1.051250	0.068250	1014.062132
-1.008750	-0.068250	600.841078
-1.008750	-0.064750	590.613792
-1.008750	-0.061250	592.886506
-1.008750	-0.057750	588.018744
-1.008750	-0.054250	569.836922
-1.008750	-0.050750	564.155101
-1.008750	-0.047250	570.973279
-1.008750	-0.043750	563.133455
-1.008750	-0.040250	549.497098
-1.008750	-0.036750	548.360741
-1.008750	-0.033250	545.963992
-1.008750	-0.029750	524.373099
-1.008750	-0.026250	515.282206
-1.008750	-0.022750	518.691313
-1.008750	-0.019250	534.600420
-1.008750	-0.015750	528.473158
-1.008750	-0.012250	523.927693
-1.008750	-0.008750	531.882229
-1.008750	-0.005250	552.336765
-1.008750	-0.001750	580.870533
-1.008750	0.001750	580.870533
-1.008750	0.005250	593.370533
-1.008750	0.008750	618.370533
-1.008750	0.012250	653.824779
-1.008750	0.015750	658.370243
-1.008750	0.019250	675.415708
-1.008750	0.022750	704.961172
-1.008750	0.026250	747.006636
-1.008750	0.029750	791.683966
-1.008750	0.033250	813.274859
-1.008750	0.036750	847.365751
-1.008750	0.040250	893.956644
-1.008750	0.043750	930.268775
-1.008750	0.047250	956.405132
-1.008750	0.050750	995.041489
-1.008750	0.054250	1006.007887
-1.008750	0.057750	1024.189708
-1.008750	0.061250	1033.380207
-1.008750	0.064750	1031.107493
-1.008750	0.068250	1041.334779
-0.966250	-0.068250	595.159254
-0.966250	-0.064750	584.931969
-0.966250	-0.061250	587.204683
-0.966250	-0.057750	582.336920
-0.966250	-0.054250	564.155099
-0.966250	-0.050750	558.473277
-0.966250	-0.047250	565.291456
-0.966250	-0.043750	557.451632
-0.966250	-0.040250	543.815275
-0.966250	-0.036750	542.678917
-0.966250	-0.033250	540.282168
-0.966250	-0.029750	518.691275
-0.966250	-0.026250	509.600383
-0.966250	-0.022750	513.009490
-0.966250	-0.019250	528.918597
-0.966250	-0.015750	514.924723
-0.966250	-0.012250	510.379259
-0.966250	-0.008750	518.333795
-0.966250	-0.005250	538.788330
-0.966250	-0.001750	562.172193
-0.966250	0.001750	562.172193
-0.966250	0.005250	574.672193
-0.966250	0.008750	599.672193
-0.966250	0.012250	637.172193
-0.966250	0.015750	652.688420
-0.966250	0.019250	669.733884
-0.966250	0.022750	699.279348
-0.966250	0.026250	741.324813
-0.966250	0.029750	786.002142
-0.966250	0.033250	807.593035
-0.966250	0.036750	841.683928
-0.966250	0.040250	888.274821
-0.966250	0.043750	924.586952
-0.966250	0.047250	950.723309
-0.966250	0.050750	989.359666
-0.966250	0.054250	1007.558889
-0.966250	0.057750	1025.740710
-0.966250	0.061250	1047.967652
-0.966250	0.064750	1045.694938
-0.966250	0.068250	1055.922223
-0.923750	-0.068250	601.977431
-0.923750	-0.064750	591.750145
-0.923750	-0.061250	594.022859
-0.923750	-0.057750	589.155097
-0.923750	-0.054250	570.973275
-0.923750	-0.050750	565.291454
-0.923750	-0.047250	562.638538
-0.923750	-0.043750	536.502181
-0.923750	-0.040250	522.865823
-0.923750	-0.036750	521.729466
-0.923750	-0.033250	520.150414
-0.923750	-0.029750	498.559521
-0.923750	-0.026250	489.468628
-0.923750	-0.022750	492.877735
-0.923750	-0.019250	493.333835
-0.923750	-0.015750	476.288370
-0.923750	-0.012250	471.742906
-0.923750	-0.008750	479.697442
-0.923750	-0.005250	500.151977
-0.923750	-0.001750	523.535840
-0.923750	0.001750	523.535840
-0.923750	0.005250	536.035840
-0.923750	0.008750	561.035840
-0.923750	0.012250	598.535840
-0.923750	0.015750	616.857603
-0.923750	0.019250	633.903067
-0.923750	0.022750	663.448531
-0.923750	0.026250	705.493995
-0.923750	0.029750	760.039460
-0.923750	0.033250	804.616850
-0.923750	0.036750	838.707742
-0.923750	0.040250	885.298635
-0.923750	0.043750	931.405128
-0.923750	0.047250	957.541485
-0.923750	0.050750	996.177842
-0.923750	0.054250	1014.377065
-0.923750	0.057750	1032.558886
-0.923750	0.061250	1054.785828
-0.923750	0.064750	1052.513114
-0.923750	0.068250	1062.740400
-0.881250	-0.068250	577.348138
-0.881250	-0.064750	567.120852
-0.881250	-0.061250	569.393566
-0.881250	-0.057750	564.824817
-0.881250	-0.054250	546.642996
-0.881250	-0.050750	540.961174
-0.881250	-0.047250	536.502185
-0.881250	-0.043750	510.365828
-0.881250	-0.040250	496.729471
-0.881250	-0.036750	495.593113
-0.881250	-0.033250	494.014061
-0.881250	-0.029750	472.423168
-0.881250	-0.026250	463.332275
-0.881250	-0.022750	466.741382
-0.881250	-0.019250	467.197482
-0.881250	-0.015750	450.152017
-0.881250	-0.012250	445.606553
-0.881250	-0.008750	453.561089
-0.881250	-0.005250	474.015625
-0.881250	-0.001750	497.399487
-0.881250	0.001750	497.399487
-0.881250	0.005250	509.899487
-0.881250	0.008750	534.899487
-0.881250	0.012250	572.399487
-0.881250	0.015750	590.721250
-0.881250	0.019250	607.766714
-0.881250	0.022750	637.312178
-0.881250	0.026250	679.357643
-0.881250	0.029750	733.903107
-0.881250	0.033250	778.480497
-0.881250	0.036750	812.571389
-0.881250	0.040250	859.162282
-0.881250	0.043750	918.253175
-0.881250	0.047250	975.016107
-0.881250	0.050750	1013.652464
-0.881250	0.054250	1033.695242
-0.881250	0.057750	1051.877063
-0.881250	0.061250	1074.104005
-0.881250	0.064750	1071.831291
-0.881250	0.068250	1082.058576
-0.838750	-0.068250	563.711785
-0.838750	-0.064750	553.484499
-0.838750	-0.061250	555.757213
-0.838750	-0.057750	551.188464
-0.838750	-0.054250	533.006643
-0.838750	-0.050750	527.324821
-0.838750	-0.047250	522.865832
-0.838750	-0.043750	496.729475
-0.838750	-0.040250	483.093118
-0.838750	-0.036750	481.956760
-0.838750	-0.033250	480.377708
-0.838750	-0.029750	458.786815
-0.838750	-0.026250	449.695922
-0.838750	-0.022750	453.105029
-0.838750	-0.019250	453.561129
-0.838750	-0.015750	436.515664
-0.838750	-0.012250	431.970200
-0.838750	-0.008750	439.924736
-0.838750	-0.005250	460.379272
-0.838750	-0.001750	450.580636
-0.838750	0.001750	450.580636
-0.838750	0.005250	463.080636
-0.838750	0.008750	488.080636
-0.838750	0.012250	525.580636
-0.838750	0.015750	560.336480
-0.838750	0.019250	577.381944
-0.838750	0.022750	606.927408
-0.838750	0.026250	648.972873
-0.838750	0.029750	703.518337
-0.838750	0.033250	764.844144
-0.838750	0.036750	798.935037
-0.838750	0.040250	845.525929
-0.838750	0.043750	904.616822
-0.838750	0.047250	961.379754
-0.838750	0.050750	1000.016111
-0.838750	0.054250	1051.152468
-0.838750	0.057750	1078.393724
-0.838750	0.061250	1105.922181
-0.838750	0.064750	1103.649467
-0.838750	0.068250	1113.876753
-0.796250	-0.068250	562.575432
-0.796250	-0.064750	552.348146
-0.796250	-0.061250	554.620860
-0.796250	-0.057750	550.052111
-0.796250	-0.054250	531.870290
-0.796250	-0.050750	526.188468
-0.796250	-0.047250	521.729479
-0.796250	-0.043750	495.593122
-0.796250	-0.040250	481.956765
-0.796250	-0.036750	480.820408
-0.796250	-0.033250	458.207677
-0.796250	-0.029750	436.616784
-0.796250	-0.026250	427.525891
-0.796250	-0.022750	430.934999
-0.796250	-0.019250	417.929275
-0.796250	-0.015750	400.883811
-0.796250	-0.012250	396.338347
-0.796250	-0.008750	404.292883
-0.796250	-0.005250	416.489724
-0.796250	-0.001750	403.989724
-0.796250	0.001750	403.989724
-0.796250	0.005250	416.489724
-0.796250	0.008750	441.489724
-0.796250	0.012250	478.989724
-0.796250	0.015750	513.745568
-0.796250	0.019250	530.791032
-0.796250	0.022750	560.336497
-0.796250	0.026250	602.381961
-0.796250	0.029750	656.927425
-0.796250	0.033250	723.972889
-0.796250	0.036750	789.359410
-0.796250	0.040250	835.950303
-0.796250	0.043750	895.041196
-0.796250	0.047250	960.243401
-0.796250	0.050750	998.879758
-0.796250	0.054250	1050.016115
-0.796250	0.057750	1077.257371
-0.796250	0.061250	1107.939193
-0.796250	0.064750	1120.006859
-0.796250	0.068250	1130.234145
-0.753750	-0.068250	565.702735
-0.753750	-0.064750	555.475449
-0.753750	-0.061250	557.748164
-0.753750	-0.057750	553.324155
-0.753750	-0.054250	535.142333
-0.753750	-0.050750	529.460512
-0.753750	-0.047250	496.965760
-0.753750	-0.043750	470.829402
-0.753750	-0.040250	457.193045
-0.753750	-0.036750	456.056688
-0.753750	-0.033250	424.116765
-0.753750	-0.029750	402.525872
-0.753750	-0.026250	393.434980
-0.753750	-0.022750	396.844087
-0.753750	-0.019250	383.838364
-0.753750	-0.015750	366.792899
-0.753750	-0.012250	362.247435
-0.753750	-0.008750	370.201971
-0.753750	-0.005250	382.398812
-0.753750	-0.001750	369.898812
-0.753750	0.001750	369.898812
-0.753750	0.005250	382.398812
-0.753750	0.008750	407.398812
-0.753750	0.012250	444.898812
-0.753750	0.015750	479.654656
-0.753750	0.019250	496.700121
-0.753750	0.022750	526.245585
-0.753750	0.026250	568.291049
-0.753750	0.029750	622.836513
-0.753750	0.033250	689.881978
-0.753750	0.036750	755.268499
-0.753750	0.040250	801.859391
-0.753750	0.043750	860.950284
-0.753750	0.047250	932.541177
-0.753750	0.050750	1010.243405
-0.753750	0.054250	1061.379762
-0.753750	0.057750	1088.621018
-0.753750	0.061250	1119.302840
-0.753750	0.064750	1131.370506
-0.753750	0.068250	1141.597792
-0.711250	-0.068250	544.111823
-0.711250	-0.064750	533.884537
-0.711250	-0.061250	536.157252
-0.711250	-0.057750	531.733243
-0.711250	-0.054250	513.551421
-0.711250	-0.050750	507.869600
-0.711250	-0.047250	475.374848
-0.711250	-0.043750	449.238491
-0.711250	-0.040250	435.602134
-0.711250	-0.036750	434.465776
-0.711250	-0.033250	402.525854
-0.711250	-0.029750	380.934961
-0.711250	-0.026250	371.844068
-0.711250	-0.022750	375.253175
-0.711250	-0.019250	362.247452
-0.711250	-0.015750	345.201988
-0.711250	-0.012250	340.656523
-0.711250	-0.008750	348.611059
-0.711250	-0.005250	356.997499
-0.711250	-0.001750	344.497499
-0.711250	0.001750	344.497499
-0.711250	0.005250	356.997499
-0.711250	0.008750	381.997499
-0.711250	0.012250	419.497499
-0.711250	0.015750	458.063744
-0.711250	0.019250	475.109209
-0.711250	0.022750	504.654673
-0.711250	0.026250	546.700137
-0.711250	0.029750	601.245602
-0.711250	0.033250	668.291066
-0.711250	0.036750	733.677587
-0.711250	0.040250	780.268480
-0.711250	0.043750	839.359373
-0.711250	0.047250	910.950265
-0.711250	0.050750	995.041158
-0.711250	0.054250	1047.536484
-0.711250	0.057750	1111.172841
-0.711250	0.061250	1143.166487
-0.711250	0.064750	1155.234153
-0.711250	0.068250	1165.461439
-0.668750	-0.068250	535.020911
-0.668750	-0.064750	524.793626
-0.668750	-0.061250	527.066340
-0.668750	-0.057750	522.642331
-0.668750	-0.054250	504.460510
-0.668750	-0.050750	498.778688
-0.668750	-0.047250	466.283936
-0.668750	-0.043750	440.147579
-0.668750	-0.040250	426.511222
-0.668750	-0.036750	425.374865
-0.668750	-0.033250	393.434942
-0.668750	-0.029750	371.844049
-0.668750	-0.026250	362.753156
-0.668750	-0.022750	366.162263
-0.668750	-0.019250	353.156540
-0.668750	-0.015750	336.111076
-0.668750	-0.012250	331.565612
-0.668750	-0.008750	327.452058
-0.668750	-0.005250	302.452058
-0.668750	-0.001750	289.952058
-0.668750	0.001750	289.952058
-0.668750	0.005250	302.452058
-0.668750	0.008750	327.452058
-0.668750	0.012250	364.952058
-0.668750	0.015750	403.638820
-0.668750	0.019250	420.684285
-0.668750	0.022750	450.229749
-0.668750	0.026250	492.275213
-0.668750	0.029750	546.820678
-0.668750	0.033250	613.866142
-0.668750	0.036750	693.411606
-0.668750	0.040250	771.177568
-0.668750	0.043750	830.268461
-0.668750	0.047250	901.859354
-0.668750	0.050750	985.950247
-0.668750	0.054250	1038.445572
-0.668750	0.057750	1102.081929
-0.668750	0.061250	1151.323205
-0.668750	0.064750	1191.597800
-0.668750	0.068250	1201.825086
-0.626250	-0.068250	538.430000
-0.626250	-0.064750	528.202714
-0.626250	-0.061250	530.475428
-0.626250	-0.057750	526.051419
-0.626250	-0.054250	507.869598
-0.626250	-0.050750	502.187776
-0.626250	-0.047250	469.693024
-0.626250	-0.043750	443.556667
-0.626250	-0.040250	429.920310
-0.626250	-0.036750	428.783953
-0.626250	-0.033250	396.844030
-0.626250	-0.029750	375.253137
-0.626250	-0.026250	366.162244
-0.626250	-0.022750	369.571351
-0.626250	-0.019250	355.151485
-0.626250	-0.015750	338.106021
-0.626250	-0.012250	322.906616
-0.626250	-0.008750	285.406616
-0.626250	-0.005250	260.406616
-0.626250	-0.001750	247.906616
-0.626250	0.001750	247.906616
-0.626250	0.005250	260.406616
-0.626250	0.008750	285.406616
-0.626250	0.012250	322.906616
-0.626250	0.015750	361.593379
-0.626250	0.019250	378.638844
-0.626250	0.022750	408.184308
-0.626250	0.026250	450.229772
-0.626250	0.029750	504.775236
-0.626250	0.033250	571.820701
-0.626250	0.036750	651.366165
-0.626250	0.040250	743.411629
-0.626250	0.043750	833.677549
-0.626250	0.047250	905.268442
-0.626250	0.050750	989.359335
-0.626250	0.054250	1041.854660
-0.626250	0.057750	1105.491017
-0.626250	0.061250	1154.732293
-0.626250	0.064750	1197.914115
-0.626250	0.068250	1219.630905
-0.583750	-0.068250	539.600062
-0.583750	-0.064750	529.372777
-0.583750	-0.061250	531.645491
-0.583750	-0.057750	530.897367
-0.583750	-0.054250	512.715546
-0.583750	-0.050750	507.033725
-0.583750	-0.047250	483.688483
-0.583750	-0.043750	457.552125
-0.583750	-0.040250	443.915768
-0.583750	-0.036750	434.382500
-0.583750	-0.033250	400.291607
-0.583750	-0.029750	378.700714
-0.583750	-0.026250	369.609821
-0.583750	-0.022750	355.151508
-0.583750	-0.019250	325.606044
-0.583750	-0.015750	308.560580
-0.583750	-0.012250	293.361175
-0.583750	-0.008750	255.861175
-0.583750	-0.005250	230.861175
-0.583750	-0.001750	218.361175
-0.583750	0.001750	218.361175
-0.583750	0.005250	230.861175
-0.583750	0.008750	255.861175
-0.583750	0.012250	293.361175
-0.583750	0.015750	332.047938
-0.583750	0.019250	349.093402
-0.583750	0.022750	378.638867
-0.583750	0.026250	420.684331
-0.583750	0.029750	475.229795
-0.583750	0.033250	542.275259
-0.583750	0.036750	621.820724
-0.583750	0.040250	713.866188
-0.583750	0.043750	805.912698
-0.583750	0.047250	877.503591
-0.583750	0.050750	961.594484
-0.583750	0.054250	1057.763748
-0.583750	0.057750	1121.400105
-0.583750	0.061250	1170.641382
-0.583750	0.064750	1213.823203
-0.583750	0.068250	1235.539993
-0.541250	-0.068250	522.554621
-0.541250	-0.064750	512.327336
-0.541250	-0.061250	514.600050
-0.541250	-0.057750	513.851926
-0.541250	-0.054250	495.670105
-0.541250	-0.050750	489.988283
-0.541250	-0.047250	466.643041
-0.541250	-0.043750	440.506684
-0.541250	-0.040250	426.870327
-0.541250	-0.036750	417.337059
-0.541250	-0.033250	383.246166
-0.541250	-0.029750	361.655273
-0.541250	-0.026250	352.564380
-0.541250	-0.022750	338.106067
-0.541250	-0.019250	308.560603
-0.541250	-0.015750	291.515139
-0.541250	-0.012250	276.315734
-0.541250	-0.008750	238.815734
-0.541250	-0.005250	213.815734
-0.541250	-0.001750	201.315734
-0.541250	0.001750	201.315734
-0.541250	0.005250	213.815734
-0.541250	0.008750	238.815734
-0.541250	0.012250	276.315734
-0.541250	0.015750	315.002497
-0.541250	0.019250	332.047961
-0.541250	0.022750	361.593425
-0.541250	0.026250	403.638890
-0.541250	0.029750	458.184354
-0.541250	0.033250	525.229818
-0.541250	0.036750	604.775283
-0.541250	0.040250	696.820747
-0.541250	0.043750	788.867257
-0.541250	0.047250	860.458150
-0.541250	0.050750	944.549042
-0.541250	0.054250	1041.139935
-0.541250	0.057750	1122.484926
-0.541250	0.061250	1198.621283
-0.541250	0.064750	1242.232291
-0.541250	0.068250	1263.949081
-0.498750	-0.068250	518.009180
-0.498750	-0.064750	507.781894
-0.498750	-0.061250	510.054609
-0.498750	-0.057750	509.306485
-0.498750	-0.054250	491.124664
-0.498750	-0.050750	485.442842
-0.498750	-0.047250	462.097600
-0.498750	-0.043750	435.961243
-0.498750	-0.040250	422.324886
-0.498750	-0.036750	412.791618
-0.498750	-0.033250	378.700725
-0.498750	-0.029750	357.109832
-0.498750	-0.026250	348.018939
-0.498750	-0.022750	333.560626
-0.498750	-0.019250	304.015162
-0.498750	-0.015750	286.969698
-0.498750	-0.012250	271.770293
-0.498750	-0.008750	234.270293
-0.498750	-0.005250	209.270293
-0.498750	-0.001750	196.770293
-0.498750	0.001750	196.770293
-0.498750	0.005250	209.270293
-0.498750	0.008750	234.270293
-0.498750	0.012250	271.770293
-0.498750	0.015750	310.457056
-0.498750	0.019250	327.502520
-0.498750	0.022750	357.047984
-0.498750	0.026250	399.093449
-0.498750	0.029750	453.638913
-0.498750	0.033250	520.684377
-0.498750	0.036750	600.229841
-0.498750	0.040250	692.275306
-0.498750	0.043750	784.321816
-0.498750	0.047250	855.912708
-0.498750	0.050750	940.003601
-0.498750	0.054250	1036.594494
-0.498750	0.057750	1117.939485
-0.498750	0.061250	1194.075842
-0.498750	0.064750	1267.322811
-0.498750	0.068250	1304.858169
-0.456250	-0.068250	525.963739
-0.456250	-0.064750	515.736453
-0.456250	-0.061250	518.009167
-0.456250	-0.057750	517.261044
-0.456250	-0.054250	499.079223
-0.456250	-0.050750	493.397401
-0.456250	-0.047250	470.052159
-0.456250	-0.043750	443.915802
-0.456250	-0.040250	430.279445
-0.456250	-0.036750	420.746176
-0.456250	-0.033250	386.655284
-0.456250	-0.029750	365.064391
-0.456250	-0.026250	355.973498
-0.456250	-0.022750	341.515185
-0.456250	-0.019250	311.969721
-0.456250	-0.015750	294.924256
-0.456250	-0.012250	279.724852
-0.456250	-0.008750	242.224852
-0.456250	-0.005250	217.224852
-0.456250	-0.001750	204.724852
-0.456250	0.001750	204.724852
-0.456250	0.005250	217.224852
-0.456250	0.008750	242.224852
-0.456250	0.012250	279.724852
-0.456250	0.015750	318.411615
-0.456250	0.019250	335.457079
-0.456250	0.022750	365.002543
-0.456250	0.026250	407.048007
-0.456250	0.029750	461.593472
-0.456250	0.033250	528.638936
-0.456250	0.036750	608.184400
-0.456250	0.040250	700.229865
-0.456250	0.043750	792.276374
-0.456250	0.047250	863.867267
-0.456250	0.050750	947.958160
-0.456250	0.054250	1044.549053
-0.456250	0.057750	1125.894044
-0.456250	0.061250	1202.030401
-0.456250	0.064750	1275.277370
-0.456250	0.068250	1328.863636
-0.413750	-0.068250	526.978972
-0.413750	-0.064750	516.751686
-0.413750	-0.061250	519.024401
-0.413750	-0.057750	525.556200
-0.413750	-0.054250	507.374379
-0.413750	-0.050750	501.692557
-0.413750	-0.047250	490.506718
-0.413750	-0.043750	464.370361
-0.413750	-0.040250	450.734004
-0.413750	-0.036750	441.200735
-0.413750	-0.033250	407.109842
-0.413750	-0.029750	385.518950
-0.413750	-0.026250	376.428057
-0.413750	-0.022750	361.969744
-0.413750	-0.019250	332.424279
-0.413750	-0.015750	315.378815
-0.413750	-0.012250	300.179411
-0.413750	-0.008750	262.679411
-0.413750	-0.005250	237.679411
-0.413750	-0.001750	225.179411
-0.413750	0.001750	225.179411
-0.413750	0.005250	237.679411
-0.413750	0.008750	262.679411
-0.413750	0.012250	300.179411
-0.413750	0.015750	338.866173
-0.413750	0.019250	355.911638
-0.413750	0.022750	385.457102
-0.413750	0.026250	427.502566
-0.413750	0.029750	482.048031
-0.413750	0.033250	549.093495
-0.413750	0.036750	628.638959
-0.413750	0.040250	720.684423
-0.413750	0.043750	812.730933
-0.413750	0.047250	884.321826
-0.413750	0.050750	968.412719
-0.413750	0.054250	1065.003612
-0.413750	0.057750	1146.348603
-0.413750	0.061250	1222.484960
-0.413750	0.064750	1295.731929
-0.413750	0.068250	1349.318195
-0.371250	-0.068250	514.478972
-0.371250	-0.064750	504.251686
-0.371250	-0.061250	506.524401
-0.371250	-0.057750	513.056200
-0.371250	-0.054250	494.874379
-0.371250	-0.050750	489.192557
-0.371250	-0.047250	480.795650
-0.371250	-0.043750	454.659292
-0.371250	-0.040250	441.022935
-0.371250	-0.036750	439.886578
-0.371250	-0.033250	409.226313
-0.371250	-0.029750	387.635420
-0.371250	-0.026250	378.544528
-0.371250	-0.022750	374.884635
-0.371250	-0.019250	345.339170
-0.371250	-0.015750	328.293706
-0.371250	-0.012250	323.748242
-0.371250	-0.008750	295.633969
-0.371250	-0.005250	270.633969
-0.371250	-0.001750	258.133969
-0.371250	0.001750	258.133969
-0.371250	0.005250	270.633969
-0.371250	0.008750	295.633969
-0.371250	0.012250	333.133969
-0.371250	0.015750	371.820732
-0.371250	0.019250	388.866196
-0.371250	0.022750	418.411661
-0.371250	0.026250	460.457125
-0.371250	0.029750	515.002589
-0.371250	0.033250	582.048054
-0.371250	0.036750	661.593518
-0.371250	0.040250	753.638982
-0.371250	0.043750	845.685492
-0.371250	0.047250	917.276385
-0.371250	0.050750	1001.367278
-0.371250	0.054250	1097.958171
-0.371250	0.057750	1179.303161
-0.371250	0.061250	1255.439518
-0.371250	0.064750	1328.686488
-0.371250	0.068250	1382.272753
-0.328750	-0.068250	514.478972
-0.328750	-0.064750	504.251686
-0.328750	-0.061250	506.524401
-0.328750	-0.057750	513.056200
-0.328750	-0.054250	494.874379
-0.328750	-0.050750	489.192557
-0.328750	-0.047250	480.795650
-0.328750	-0.043750	454.659292
-0.328750	-0.040250	441.022935
-0.328750	-0.036750	439.886578
-0.328750	-0.033250	409.226313
-0.328750	-0.029750	387.635420
-0.328750	-0.026250	378.544528
-0.328750	-0.022750	374.884635
-0.328750	-0.019250	345.339170
-0.328750	-0.015750	328.293706
-0.328750	-0.012250	323.748242
-0.328750	-0.008750	307.540022
-0.328750	-0.005250	282.540022
-0.328750	-0.001750	270.040022
-0.328750	0.001750	270.040022
-0.328750	0.005250	282.540022
-0.328750	0.008750	307.540022
-0.328750	0.012250	345.040022
-0.328750	0.015750	387.485249
-0.328750	0.019250	404.530714
-0.328750	0.022750	434.076178
-0.328750	0.026250	476.121642
-0.328750	0.029750	530.667106
-0.328750	0.033250	597.712571
-0.328750	0.036750	677.258035
-0.328750	0.040250	769.303499
-0.328750	0.043750	873.848964
-0.328750	0.047250	962.730944
-0.328750	0.050750	1046.821837
-0.328750	0.054250	1143.412729
-0.328750	0.057750	1224.757720
-0.328750	0.061250	1300.894077
-0.328750	0.064750	1374.141046
-0.328750	0.068250	1427.727312
-0.286250	-0.068250	526.978972
-0.286250	-0.064750	516.751686
-0.286250	-0.061250	519.024401
-0.286250	-0.057750	525.556200
-0.286250	-0.054250	507.374379
-0.286250	-0.050750	501.692557
-0.286250	-0.047250	493.295650
-0.286250	-0.043750	467.159292
-0.286250	-0.040250	453.522935
-0.286250	-0.036750	452.386578
-0.286250	-0.033250	421.726313
-0.286250	-0.029750	400.135420
-0.286250	-0.026250	391.044528
-0.286250	-0.022750	387.384635
-0.286250	-0.019250	357.839170
-0.286250	-0.015750	340.793706
-0.286250	-0.012250	336.248242
-0.286250	-0.008750	320.040022
-0.286250	-0.005250	295.040022
-0.286250	-0.001750	282.540022
-0.286250	0.001750	282.540022
-0.286250	0.005250	295.040022
-0.286250	0.008750	320.040022
-0.286250	0.012250	357.540022
-0.286250	0.015750	399.985249
-0.286250	0.019250	417.030714
-0.286250	0.022750	446.576178
-0.286250	0.026250	488.621642
-0.286250	0.029750	543.167106
-0.286250	0.033250	610.212571
-0.286250	0.036750	689.758035
-0.286250	0.040250	781.803499
-0.286250	0.043750	886.348964
-0.286250	0.047250	979.586861
-0.286250	0.050750	1063.677754
-0.286250	0.054250	1160.268646
-0.286250	0.057750	1252.906605
-0.286250	0.061250	1329.042962
-0.286250	0.064750	1407.616095
-0.286250	0.068250	1463.297917
-0.243750	-0.068250	525.106926
-0.243750	-0.064750	514.879640
-0.243750	-0.061250	517.152354
-0.243750	-0.057750	531.925069
-0.243750	-0.054250	518.523687
-0.243750	-0.050750	512.841865
-0.243750	-0.047250	518.295650
-0.243750	-0.043750	492.159292
-0.243750	-0.040250	478.522935
-0.243750	-0.036750	477.386578
-0.243750	-0.033250	446.726313
-0.243750	-0.029750	425.135420
-0.243750	-0.026250	416.044528
-0.243750	-0.022750	412.384635
-0.243750	-0.019250	382.839170
-0.243750	-0.015750	365.793706
-0.243750	-0.012250	361.248242
-0.243750	-0.008750	345.040022
-0.243750	-0.005250	320.040022
-0.243750	-0.001750	307.540022
-0.243750	0.001750	307.540022
-0.243750	0.005250	320.040022
-0.243750	0.008750	345.040022
-0.243750	0.012250	382.540022
-0.243750	0.015750	424.985249
-0.243750	0.019250	442.030714
-0.243750	0.022750	471.576178
-0.243750	0.026250	513.621642
-0.243750	0.029750	568.167106
-0.243750	0.033250	635.212571
-0.243750	0.036750	714.758035
-0.243750	0.040250	806.803499
-0.243750	0.043750	911.348964
-0.243750	0.047250	1004.586861
-0.243750	0.050750	1088.677754
-0.243750	0.054250	1185.268646
-0.243750	0.057750	1277.906605
-0.243750	0.061250	1354.042962
-0.243750	0.064750	1432.616095
-0.243750	0.068250	1488.297917
-0.201250	-0.068250	517.152367
-0.201250	-0.064750	506.925081
-0.201250	-0.061250	509.197795
-0.201250	-0.057750	523.970510
-0.201250	-0.054250	510.569128
-0.201250	-0.050750	504.887306
-0.201250	-0.047250	511.705485
-0.201250	-0.043750	485.642112
-0.201250	-0.040250	472.005755
-0.201250	-0.036750	470.869398
-0.201250	-0.033250	453.750893
-0.201250	-0.029750	432.160000
-0.201250	-0.026250	423.069107
-0.201250	-0.022750	426.478214
-0.201250	-0.019250	403.010885
-0.201250	-0.015750	385.965421
-0.201250	-0.012250	381.419957
-0.201250	-0.008750	382.540022
-0.201250	-0.005250	357.540022
-0.201250	-0.001750	345.040022
-0.201250	0.001750	345.040022
-0.201250	0.005250	357.540022
-0.201250	0.008750	382.540022
-0.201250	0.012250	420.040022
-0.201250	0.015750	462.485249
-0.201250	0.019250	479.530714
-0.201250	0.022750	509.076178
-0.201250	0.026250	551.121642
-0.201250	0.029750	605.667106
-0.201250	0.033250	672.712571
-0.201250	0.036750	752.258035
-0.201250	0.040250	844.303499
-0.201250	0.043750	948.848964
-0.201250	0.047250	1042.086861
-0.201250	0.050750	1126.177754
-0.201250	0.054250	1222.768646
-0.201250	0.057750	1315.406605
-0.201250	0.061250	1391.542962
-0.201250	0.064750	1470.116095
-0.201250	0.068250	1525.797917
-0.158750	-0.068250	521.697808
-0.158750	-0.064750	511.470522
-0.158750	-0.061250	513.743237
-0.158750	-0.057750	528.515951
-0.158750	-0.054250	515.114569
-0.158750	-0.050750	509.432748
-0.158750	-0.047250	516.250926
-0.158750	-0.043750	490.187553
-0.158750	-0.040250	476.551196
-0.158750	-0.036750	475.414839
-0.158750	-0.033250	458.296334
-0.158750	-0.029750	436.705441
-0.158750	-0.026250	427.614548
-0.158750	-0.022750	431.023656
-0.158750	-0.019250	407.556326
-0.158750	-0.015750	390.510862
-0.158750	-0.012250	385.965398
-0.158750	-0.008750	393.919933
-0.158750	-0.005250	407.540022
-0.158750	-0.001750	395.040022
-0.158750	0.001750	395.040022
-0.158750	0.005250	407.540022
-0.158750	0.008750	432.540022
-0.158750	0.012250	470.040022
-0.158750	0.015750	512.485249
-0.158750	0.019250	529.530714
-0.158750	0.022750	559.076178
-0.158750	0.026250	601.121642
-0.158750	0.029750	655.667106
-0.158750	0.033250	722.712571
-0.158750	0.036750	802.258035
-0.158750	0.040250	894.303499
-0.158750	0.043750	998.848964
-0.158750	0.047250	1092.086861
-0.158750	0.050750	1176.177754
-0.158750	0.054250	1272.768646
-0.158750	0.057750	1365.406605
-0.158750	0.061250	1441.542962
-0.158750	0.064750	1520.116095
-0.158750	0.068250	1575.797917
-0.116250	-0.068250	526.464188
-0.116250	-0.064750	516.236902
-0.116250	-0.061250	518.509617
-0.116250	-0.057750	533.282331
-0.116250	-0.054250	527.391068
-0.116250	-0.050750	521.709247
-0.116250	-0.047250	528.527425
-0.116250	-0.043750	507.232994
-0.116250	-0.040250	493.596637
-0.116250	-0.036750	492.460280
-0.116250	-0.033250	475.341775
-0.116250	-0.029750	453.750882
-0.116250	-0.026250	444.659990
-0.116250	-0.022750	448.069097
-0.116250	-0.019250	424.601767
-0.116250	-0.015750	407.556303
-0.116250	-0.012250	403.010839
-0.116250	-0.008750	410.965375
-0.116250	-0.005250	431.419910
-0.116250	-0.001750	457.540022
-0.116250	0.001750	457.540022
-0.116250	0.005250	470.040022
-0.116250	0.008750	495.040022
-0.116250	0.012250	532.540022
-0.116250	0.015750	574.985249
-0.116250	0.019250	592.030714
-0.116250	0.022750	621.576178
-0.116250	0.026250	663.621642
-0.116250	0.029750	718.167106
-0.116250	0.033250	785.212571
-0.116250	0.036750	864.758035
-0.116250	0.040250	956.803499
-0.116250	0.043750	1061.348964
-0.116250	0.047250	1154.586861
-0.116250	0.050750	1238.677754
-0.116250	0.054250	1335.268646
-0.116250	0.057750	1427.906605
-0.116250	0.061250	1504.042962
-0.116250	0.064750	1582.616095
-0.116250	0.068250	1638.297917
-0.073750	-0.068250	510.555097
-0.073750	-0.064750	500.327811
-0.073750	-0.061250	502.600525
-0.073750	-0.057750	517.373240
-0.073750	-0.054250	511.481977
-0.073750	-0.050750	505.800155
-0.073750	-0.047250	512.618334
-0.073750	-0.043750	503.797575
-0.073750	-0.040250	490.161218
-0.073750	-0.036750	489.024861
-0.073750	-0.033250	500.388504
-0.073750	-0.029750	483.296324
-0.073750	-0.026250	474.205431
-0.073750	-0.022750	477.614538
-0.073750	-0.019250	454.147209
-0.073750	-0.015750	437.101744
-0.073750	-0.012250	432.556280
-0.073750	-0.008750	440.510816
-0.073750	-0.005250	460.965351
-0.073750	-0.001750	493.919887
-0.073750	0.001750	532.540022
-0.073750	0.005250	545.040022
-0.073750	0.008750	570.040022
-0.073750	0.012250	607.540022
-0.073750	0.015750	649.985249
-0.073750	0.019250	667.030714
-0.073750	0.022750	696.576178
-0.073750	0.026250	738.621642
-0.073750	0.029750	793.167106
-0.073750	0.033250	860.212571
-0.073750	0.036750	939.758035
-0.073750	0.040250	1031.803499
-0.073750	0.043750	1136.348964
-0.073750	0.047250	1229.586861
-0.073750	0.050750	1313.677754
-0.073750	0.054250	1410.268646
-0.073750	0.057750	1502.906605
-0.073750	0.061250	1579.042962
-0.073750	0.064750	1637.929790
-0.073750	0.068250	1685.358069
-0.031250	-0.068250	507.146006
-0.031250	-0.064750	496.918720
-0.031250	-0.061250	499.191434
-0.031250	-0.057750	513.964148
-0.031250	-0.054250	508.072886
-0.031250	-0.050750	502.391064
-0.031250	-0.047250	509.209243
-0.031250	-0.043750	500.388484
-0.031250	-0.040250	486.752127
-0.031250	-0.036750	485.615770
-0.031250	-0.033250	496.979413
-0.031250	-0.029750	520.843055
-0.031250	-0.026250	516.250872
-0.031250	-0.022750	519.659979
-0.031250	-0.019250	496.192650
-0.031250	-0.015750	479.147186
-0.031250	-0.012250	474.601721
-0.031250	-0.008750	482.556257
-0.031250	-0.005250	503.010793
-0.031250	-0.001750	535.965328
-0.031250	0.001750	581.419864
-0.031250	0.005250	632.540022
-0.031250	0.008750	657.540022
-0.031250	0.012250	695.040022
-0.031250	0.015750	737.485249
-0.031250	0.019250	754.530714
-0.031250	0.022750	784.076178
-0.031250	0.026250	826.121642
-0.031250	0.029750	880.667106
-0.031250	0.033250	947.712571
-0.031250	0.036750	1027.258035
-0.031250	0.040250	1119.303499
-0.031250	0.043750	1223.848964
-0.031250	0.047250	1317.086861
-0.031250	0.050750	1401.177754
-0.031250	0.054250	1497.768646
-0.031250	0.057750	1571.182492
-0.031250	0.061250	1636.793410
-0.031250	0.064750	1679.975232
-0.031250	0.068250	1727.403510
0.011250	-0.068250	516.236914
0.011250	-0.064750	506.009629
0.011250	-0.061250	508.282343
0.011250	-0.057750	523.055057
0.011250	-0.054250	517.163795
0.011250	-0.050750	511.481973
0.011250	-0.047250	518.300152
0.011250	-0.043750	509.479393
0.011250	-0.040250	495.843036
0.011250	-0.036750	494.706679
0.011250	-0.033250	506.070321
0.011250	-0.029750	529.933964
0.011250	-0.026250	566.297607
0.011250	-0.022750	574.205420
0.011250	-0.019250	550.738091
0.011250	-0.015750	533.692627
0.011250	-0.012250	529.147162
0.011250	-0.008750	537.101698
0.011250	-0.005250	557.556234
0.011250	-0.001750	590.510770
0.011250	0.001750	635.965305
0.011250	0.005250	693.919841
0.011250	0.008750	757.540022
0.011250	0.012250	795.040022
0.011250	0.015750	837.485249
0.011250	0.019250	854.530714
0.011250	0.022750	884.076178
0.011250	0.026250	926.121642
0.011250	0.029750	980.667106
0.011250	0.033250	1047.712571
0.011250	0.036750	1127.258035
0.011250	0.040250	1219.303499
0.011250	0.043750	1323.848964
0.011250	0.047250	1413.690654
0.011250	0.050750	1497.781547
0.011250	0.054250	1562.091576
0.011250	0.057750	1625.727933
0.011250	0.061250	1691.338851
0.011250	0.064750	1734.520673
0.011250	0.068250	1781.948951
0.053750	-0.068250	518.271321
0.053750	-0.064750	508.044035
0.053750	-0.061250	510.316749
0.053750	-0.057750	525.089463
0.053750	-0.054250	523.313170
0.053750	-0.050750	517.631348
0.053750	-0.047250	524.449527
0.053750	-0.043750	515.574517
0.053750	-0.040250	501.938160
0.053750	-0.036750	500.801803
0.053750	-0.033250	512.165445
0.053750	-0.029750	536.029088
0.053750	-0.026250	572.392731
0.053750	-0.022750	607.750392
0.053750	-0.019250	617.783532
0.053750	-0.015750	600.738068
0.053750	-0.012250	596.192604
0.053750	-0.008750	604.147139
0.053750	-0.005250	624.601675
0.053750	-0.001750	657.556211
0.053750	0.001750	703.010746
0.053750	0.005250	760.965282
0.053750	0.008750	831.419818
0.053750	0.012250	874.796140
0.053750	0.015750	924.796140
0.053750	0.019250	967.030714
0.053750	0.022750	996.576178
0.053750	0.026250	1038.621642
0.053750	0.029750	1093.167106
0.053750	0.033250	1160.212571
0.053750	0.036750	1239.758035
0.053750	0.040250	1331.803499
0.053750	0.043750	1409.145202
0.053750	0.047250	1480.736095
0.053750	0.050750	1564.826988
0.053750	0.054250	1629.137017
0.053750	0.057750	1692.773374
0.053750	0.061250	1758.384292
0.053750	0.064750	1801.566114
0.053750	0.068250	1848.994393
0.096250	-0.068250	506.907673
0.096250	-0.064750	496.680388
0.096250	-0.061250	498.953102
0.096250	-0.057750	513.725816
0.096250	-0.054250	511.949523
0.096250	-0.050750	506.267701
0.096250	-0.047250	513.085880
0.096250	-0.043750	504.210870
0.096250	-0.040250	490.574513
0.096250	-0.036750	489.438156
0.096250	-0.033250	500.801798
0.096250	-0.029750	524.665441
0.096250	-0.026250	561.029084
0.096250	-0.022750	609.892727
0.096250	-0.019250	657.750408
0.096250	-0.015750	680.283509
0.096250	-0.012250	675.738045
0.096250	-0.008750	683.692580
0.096250	-0.005250	704.147116
0.096250	-0.001750	737.101652
0.096250	0.001750	782.556188
0.096250	0.005250	840.510723
0.096250	0.008750	910.965259
0.096250	0.012250	954.341581
0.096250	0.015750	1004.341581
0.096250	0.019250	1066.841581
0.096250	0.022750	1108.512574
0.096250	0.026250	1150.558038
0.096250	0.029750	1205.103502
0.096250	0.033250	1272.148967
0.096250	0.036750	1351.694431
0.096250	0.040250	1429.599751
0.096250	0.043750	1488.690644
0.096250	0.047250	1560.281537
0.096250	0.050750	1644.372429
0.096250	0.054250	1708.682458
0.096250	0.057750	1772.318815
0.096250	0.061250	1837.929734
0.096250	0.064750	1881.111555
0.096250	0.068250	1923.982933
0.138750	-0.068250	508.044026
0.138750	-0.064750	497.816741
0.138750	-0.061250	500.089455
0.138750	-0.057750	514.862169
0.138750	-0.054250	513.085876
0.138750	-0.050750	507.404054
0.138750	-0.047250	514.222233
0.138750	-0.043750	505.347223
0.138750	-0.040250	491.710866
0.138750	-0.036750	490.574508
0.138750	-0.033250	501.938151
0.138750	-0.029750	525.801794
0.138750	-0.026250	562.165437
0.138750	-0.022750	611.029080
0.138750	-0.019250	672.392723
0.138750	-0.015750	732.750424
0.138750	-0.012250	767.783486
0.138750	-0.008750	775.738022
0.138750	-0.005250	796.192557
0.138750	-0.001750	829.147093
0.138750	0.001750	874.601629
0.138750	0.005250	932.556165
0.138750	0.008750	1003.010700
0.138750	0.012250	1046.387022
0.138750	0.015750	1096.387022
0.138750	0.019250	1158.887022
0.138750	0.022750	1200.558015
0.138750	0.026250	1242.603479
0.138750	0.029750	1297.148944
0.138750	0.033250	1364.194408
0.138750	0.036750	1443.739872
0.138750	0.040250	1521.645192
0.138750	0.043750	1580.736085
0.138750	0.047250	1652.326978
0.138750	0.050750	1736.417871
0.138750	0.054250	1800.727899
0.138750	0.057750	1864.364256
0.138750	0.061250	1897.166485
0.138750	0.064750	1940.348307
0.138750	0.068250	1970.573842
0.181250	-0.068250	521.680379
0.181250	-0.064750	511.453094
0.181250	-0.061250	513.725808
0.181250	-0.057750	528.498522
0.181250	-0.054250	522.426138
0.181250	-0.050750	516.744316
0.181250	-0.047250	523.562495
0.181250	-0.043750	518.983576
0.181250	-0.040250	505.347219
0.181250	-0.036750	504.210861
0.181250	-0.033250	515.574504
0.181250	-0.029750	539.438147
0.181250	-0.026250	575.801790
0.181250	-0.022750	624.665433
0.181250	-0.019250	686.029076
0.181250	-0.015750	759.892719
0.181250	-0.012250	832.750440
0.181250	-0.008750	880.283463
0.181250	-0.005250	900.737999
0.181250	-0.001750	933.692534
0.181250	0.001750	979.147070
0.181250	0.005250	1037.101606
0.181250	0.008750	1107.556141
0.181250	0.012250	1150.932463
0.181250	0.015750	1200.932463
0.181250	0.019250	1263.432463
0.181250	0.022750	1305.103456
0.181250	0.026250	1347.148920
0.181250	0.029750	1401.694385
0.181250	0.033250	1468.739849
0.181250	0.036750	1548.285313
0.181250	0.040250	1626.190633
0.181250	0.043750	1685.281526
0.181250	0.047250	1756.872419
0.181250	0.050750	1815.226245
0.181250	0.054250	1866.362602
0.181250	0.057750	1925.575573
0.181250	0.061250	1956.257394
0.181250	0.064750	1999.439216
0.181250	0.068250	2029.664751
0.223750	-0.068250	519.133029
0.223750	-0.064750	508.905743
0.223750	-0.061250	511.178458
0.223750	-0.057750	521.289782
0.223750	-0.054250	503.107961
0.223750	-0.050750	497.426140
0.223750	-0.047250	504.244318
0.223750	-0.043750	523.562497
0.223750	-0.040250	531.483571
0.223750	-0.036750	530.347214
0.223750	-0.033250	541.710857
0.223750	-0.029750	565.574500
0.223750	-0.026250	601.938143
0.223750	-0.022750	650.801786
0.223750	-0.019250	712.165429
0.223750	-0.015750	786.029071
0.223750	-0.012250	872.392714
0.223750	-0.008750	957.750456
0.223750	-0.005250	1017.783440
0.223750	-0.001750	1050.737975
0.223750	0.001750	1096.192511
0.223750	0.005250	1154.147047
0.223750	0.008750	1224.601583
0.223750	0.012250	1267.977905
0.223750	0.015750	1317.977905
0.223750	0.019250	1380.477905
0.223750	0.022750	1422.148897
0.223750	0.026250	1464.194362
0.223750	0.029750	1518.739826
0.223750	0.033250	1585.785290
0.223750	0.036750	1665.330754
0.223750	0.040250	1734.487899
0.223750	0.043750	1793.578792
0.223750	0.047250	1848.180796
0.223750	0.050750	1886.817154
0.223750	0.054250	1937.953511
0.223750	0.057750	1997.166482
0.223750	0.061250	2027.848303
0.223750	0.064750	2071.030125
0.223750	0.068250	2101.255660
0.266250	-0.068250	512.314853
0.266250	-0.064750	502.087567
0.266250	-0.061250	504.360281
0.266250	-0.057750	514.471606
0.266250	-0.054250	496.289785
0.266250	-0.050750	490.607963
0.266250	-0.047250	497.426142
0.266250	-0.043750	516.744320
0.266250	-0.040250	548.562499
0.266250	-0.036750	568.983567
0.266250	-0.033250	580.347210
0.266250	-0.029750	604.210853
0.266250	-0.026250	640.574496
0.266250	-0.022750	689.438139
0.266250	-0.019250	750.801782
0.266250	-0.015750	824.665424
0.266250	-0.012250	911.029067
0.266250	-0.008750	1009.892710
0.266250	-0.005250	1107.750472
0.266250	-0.001750	1180.283417
0.266250	0.001750	1225.737952
0.266250	0.005250	1283.692488
0.266250	0.008750	1354.147024
0.266250	0.012250	1397.523346
0.266250	0.015750	1447.523346
0.266250	0.019250	1510.023346
0.266250	0.022750	1551.694338
0.266250	0.026250	1593.739803
0.266250	0.029750	1648.285267
0.266250	0.033250	1715.330731
0.266250	0.036750	1771.987915
0.266250	0.040250	1818.578808
0.266250	0.043750	1877.669701
0.266250	0.047250	1932.271705
0.266250	0.050750	1970.908062
0.266250	0.054250	2022.044420
0.266250	0.057750	2081.257391
0.266250	0.061250	2111.939212
0.266250	0.064750	2148.750287
0.266250	0.068250	2158.977572
0.308750	-0.068250	517.996676
0.308750	-0.064750	507.769390
0.308750	-0.061250	510.042105
0.308750	-0.057750	520.153430
0.308750	-0.054250	501.971608
0.308750	-0.050750	496.289787
0.308750	-0.047250	503.107965
0.308750	-0.043750	522.426144
0.308750	-0.040250	554.244322
0.308750	-0.036750	598.562501
0.308750	-0.033250	631.483563
0.308750	-0.029750	655.347206
0.308750	-0.026250	691.710849
0.308750	-0.022750	740.574492
0.308750	-0.019250	801.938135
0.308750	-0.015750	875.801777
0.308750	-0.012250	962.165420
0.308750	-0.008750	1061.029063
0.308750	-0.005250	1172.392706
0.308750	-0.001750	1282.750488
0.308750	0.001750	1367.783394
0.308750	0.005250	1425.737929
0.308750	0.008750	1496.192465
0.308750	0.012250	1539.568787
0.308750	0.015750	1589.568787
0.308750	0.019250	1652.068787
0.308750	0.022750	1693.739780
0.308750	0.026250	1735.785244
0.308750	0.029750	1790.330708
0.308750	0.033250	1834.487931
0.308750	0.036750	1868.578824
0.308750	0.040250	1915.169717
0.308750	0.043750	1974.260610
0.308750	0.047250	2028.862614
0.308750	0.050750	2067.498971
0.308750	0.054250	2118.635328
0.308750	0.057750	2144.781672
0.308750	0.061250	2175.463494
0.308750	0.064750	2199.886640
0.308750	0.068250	2210.113925
0.351250	-0.068250	520.920963
0.351250	-0.064750	510.693677
0.351250	-0.061250	512.966392
0.351250	-0.057750	527.739106
0.351250	-0.054250	510.209283
0.351250	-0.050750	504.527461
0.351250	-0.047250	511.345640
0.351250	-0.043750	530.663818
0.351250	-0.040250	562.481997
0.351250	-0.036750	606.800176
0.351250	-0.033250	663.618354
0.351250	-0.029750	718.983559
0.351250	-0.026250	755.347202
0.351250	-0.022750	804.210845
0.351250	-0.019250	865.574487
0.351250	-0.015750	939.438130
0.351250	-0.012250	1025.801773
0.351250	-0.008750	1124.665416
0.351250	-0.005250	1236.029059
0.351250	-0.001750	1359.892702
0.351250	0.001750	1482.750504
0.351250	0.005250	1580.283370
0.351250	0.008750	1650.737906
0.351250	0.012250	1694.114228
0.351250	0.015750	1744.114228
0.351250	0.019250	1806.614228
0.351250	0.022750	1848.285221
0.351250	0.026250	1890.330685
0.351250	0.029750	1921.987947
0.351250	0.033250	1943.578840
0.351250	0.036750	1977.669733
0.351250	0.040250	2024.260626
0.351250	0.043750	2072.432878
0.351250	0.047250	2098.569235
0.351250	0.050750	2137.205592
0.351250	0.054250	2188.341949
0.351250	0.057750	2208.418025
0.351250	0.061250	2239.099847
0.351250	0.064750	2263.522993
0.351250	0.068250	2273.750278
0.393750	-0.068250	506.148228
0.393750	-0.064750	495.920942
0.393750	-0.061250	498.193656
0.393750	-0.057750	512.966371
0.393750	-0.054250	495.436547
0.393750	-0.050750	489.754726
0.393750	-0.047250	496.572905
0.393750	-0.043750	515.891083
0.393750	-0.040250	547.709262
0.393750	-0.036750	592.027440
0.393750	-0.033250	648.845619
0.393750	-0.029750	718.163797
0.393750	-0.026250	799.981976
0.393750	-0.022750	880.347198
0.393750	-0.019250	941.710840
0.393750	-0.015750	1015.574483
0.393750	-0.012250	1101.938126
0.393750	-0.008750	1200.801769
0.393750	-0.005250	1312.165412
0.393750	-0.001750	1436.029055
0.393750	0.001750	1572.392698
0.393750	0.005250	1707.750520
0.393750	0.008750	1817.783347
0.393750	0.012250	1861.159669
0.393750	0.015750	1911.159669
0.393750	0.019250	1973.659669
0.393750	0.022750	2009.969315
0.393750	0.026250	2034.487963
0.393750	0.029750	2043.578856
0.393750	0.033250	2065.169749
0.393750	0.036750	2099.260642
0.393750	0.040250	2134.932874
0.393750	0.043750	2148.569231
0.393750	0.047250	2174.705588
0.393750	0.050750	2213.341945
0.393750	0.054250	2264.478302
0.393750	0.057750	2284.554378
0.393750	0.061250	2315.236200
0.393750	0.064750	2339.659346
0.393750	0.068250	2349.886631
0.436250	-0.068250	503.875492
0.436250	-0.064750	493.648207
0.436250	-0.061250	495.920921
0.436250	-0.057750	510.693635
0.436250	-0.054250	493.163812
0.436250	-0.050750	487.481991
0.436250	-0.047250	494.300169
0.436250	-0.043750	513.618348
0.436250	-0.040250	545.436526
0.436250	-0.036750	589.754705
0.436250	-0.033250	646.572884
0.436250	-0.029750	715.891062
0.436250	-0.026250	797.709241
0.436250	-0.022750	892.027419
0.436250	-0.019250	998.845598
0.436250	-0.015750	1104.210836
0.436250	-0.012250	1190.574479
0.436250	-0.008750	1289.438122
0.436250	-0.005250	1400.801765
0.436250	-0.001750	1524.665408
0.436250	0.001750	1661.029050
0.436250	0.005250	1809.892693
0.436250	0.008750	1957.750536
0.436250	0.012250	2040.705111
0.436250	0.015750	2090.705111
0.436250	0.019250	2114.514759
0.436250	0.022750	2144.060223
0.436250	0.026250	2168.578872
0.436250	0.029750	2177.669765
0.436250	0.033250	2199.260658
0.436250	0.036750	2222.432870
0.436250	0.040250	2223.569227
0.436250	0.043750	2237.205584
0.436250	0.047250	2263.341941
0.436250	0.050750	2301.978298
0.436250	0.054250	2353.114655
0.436250	0.057750	2373.190731
0.436250	0.061250	2403.872553
0.436250	0.064750	2403.033590
0.436250	0.068250	2413.260876
0.478750	-0.068250	514.102757
0.478750	-0.064750	503.875471
0.478750	-0.061250	506.148186
0.478750	-0.057750	520.920900
0.478750	-0.054250	503.391077
0.478750	-0.050750	497.709255
0.478750	-0.047250	504.527434
0.478750	-0.043750	523.845613
0.478750	-0.040250	555.663791
0.478750	-0.036750	599.981970
0.478750	-0.033250	656.800148
0.478750	-0.029750	726.118327
0.478750	-0.026250	807.936505
0.478750	-0.022750	902.254684
0.478750	-0.019250	1009.072863
0.478750	-0.015750	1128.391041
0.478750	-0.012250	1260.209220
0.478750	-0.008750	1377.068695
0.478750	-0.005250	1488.432337
0.478750	-0.001750	1612.295980
0.478750	0.001750	1748.659623
0.478750	0.005250	1897.523266
0.478750	0.008750	2058.886909
0.478750	0.012250	2232.750552
0.478750	0.015750	2244.060204
0.478750	0.019250	2261.105668
0.478750	0.022750	2273.319789
0.478750	0.026250	2269.910682
0.478750	0.029750	2279.001575
0.478750	0.033250	2285.647213
0.478750	0.036750	2274.283571
0.478750	0.040250	2275.419928
0.478750	0.043750	2289.056285
0.478750	0.047250	2315.192642
0.478750	0.050750	2353.828999
0.478750	0.054250	2365.236174
0.478750	0.057750	2383.417996
0.478750	0.061250	2414.099817
0.478750	0.064750	2413.260855
0.478750	0.068250	2423.488140
