-1.183000	-0.068600	781.610059
-1.183000	-0.065800	767.387830
-1.183000	-0.063000	761.165602
-1.183000	-0.060200	762.943373
-1.183000	-0.057400	772.721145
-1.183000	-0.054600	778.943456
-1.183000	-0.051800	760.276798
-1.183000	-0.049000	749.610141
-1.183000	-0.046200	746.943484
-1.183000	-0.043400	752.276827
-1.183000	-0.040600	765.610170
-1.183000	-0.037800	769.165713
-1.183000	-0.035000	754.054598
-1.183000	-0.032200	746.943484
-1.183000	-0.029400	747.832370
-1.183000	-0.026600	756.721256
-1.183000	-0.023800	766.499027
-1.183000	-0.021000	746.943484
-1.183000	-0.018200	735.387941
-1.183000	-0.015400	731.832398
-1.183000	-0.012600	736.276856
-1.183000	-0.009800	748.721313
-1.183000	-0.007000	769.165770
-1.183000	-0.004200	785.145230
-1.183000	-0.001400	777.145230
-1.183000	0.001400	777.145230
-1.183000	0.004200	785.145230
-1.183000	0.007000	801.145230
-1.183000	0.009800	825.145230
-1.183000	0.012600	857.145230
-1.183000	0.015400	894.636322
-1.183000	0.018200	898.191865
-1.183000	0.021000	909.747408
-1.183000	0.023800	929.302951
-1.183000	0.026600	956.858493
-1.183000	0.029400	992.414036
-1.183000	0.032200	1035.969579
-1.183000	0.035000	1048.159612
-1.183000	0.037800	1063.270727
-1.183000	0.040600	1086.381841
-1.183000	0.043400	1117.492955
-1.183000	0.046200	1156.604070
-1.183000	0.049000	1162.504055
-1.183000	0.051800	1173.170712
-1.183000	0.054600	1191.837369
-1.183000	0.057400	1218.504027
-1.183000	0.060200	1215.275457
-1.183000	0.063000	1213.497686
-1.183000	0.065800	1219.719914
-1.183000	0.068600	1233.942143
-1.149000	-0.068600	767.387941
-1.149000	-0.065800	753.165713
-1.149000	-0.063000	746.943484
-1.149000	-0.060200	748.721256
-1.149000	-0.057400	758.499027
-1.149000	-0.054600	764.721338
-1.149000	-0.051800	746.054681
-1.149000	-0.049000	735.388024
-1.149000	-0.046200	732.721367
-1.149000	-0.043400	738.054709
-1.149000	-0.040600	751.388052
-1.149000	-0.037800	754.943595
-1.149000	-0.035000	739.832481
-1.149000	-0.032200	732.721367
-1.149000	-0.029400	733.610252
-1.149000	-0.026600	742.499138
-1.149000	-0.023800	752.276909
-1.149000	-0.021000	732.721367
-1.149000	-0.018200	721.165824
-1.149000	-0.015400	717.610281
-1.149000	-0.012600	722.054738
-1.149000	-0.009800	734.499195
-1.149000	-0.007000	754.943652
-1.149000	-0.004200	770.923112
-1.149000	-0.001400	762.923112
-1.149000	0.001400	762.923112
-1.149000	0.004200	770.923112
-1.149000	0.007000	786.923112
-1.149000	0.009800	810.923112
-1.149000	0.012600	842.923112
-1.149000	0.015400	880.414204
-1.149000	0.018200	883.969747
-1.149000	0.021000	895.525290
-1.149000	0.023800	915.080833
-1.149000	0.026600	942.636376
-1.149000	0.029400	978.191919
-1.149000	0.032200	1021.747461
-1.149000	0.035000	1033.937495
-1.149000	0.037800	1049.048609
-1.149000	0.040600	1072.159723
-1.149000	0.043400	1103.270838
-1.149000	0.046200	1142.381952
-1.149000	0.049000	1148.281937
-1.149000	0.051800	1158.948595
-1.149000	0.054600	1177.615252
-1.149000	0.057400	1204.281909
-1.149000	0.060200	1201.053339
-1.149000	0.063000	1199.275568
-1.149000	0.065800	1205.497796
-1.149000	0.068600	1219.720025
-1.115000	-0.068600	761.165824
-1.115000	-0.065800	746.943595
-1.115000	-0.063000	740.721367
-1.115000	-0.060200	742.499138
-1.115000	-0.057400	752.276909
-1.115000	-0.054600	758.499220
-1.115000	-0.051800	739.832563
-1.115000	-0.049000	729.165906
-1.115000	-0.046200	726.499249
-1.115000	-0.043400	731.832592
-1.115000	-0.040600	745.165935
-1.115000	-0.037800	748.721477
-1.115000	-0.035000	733.610363
-1.115000	-0.032200	726.499249
-1.115000	-0.029400	727.388135
-1.115000	-0.026600	736.277020
-1.115000	-0.023800	746.054792
-1.115000	-0.021000	726.499249
-1.115000	-0.018200	714.943706
-1.115000	-0.015400	711.388163
-1.115000	-0.012600	715.832620
-1.115000	-0.009800	728.277077
-1.115000	-0.007000	748.721535
-1.115000	-0.004200	764.700995
-1.115000	-0.001400	756.700995
-1.115000	0.001400	756.700995
-1.115000	0.004200	764.700995
-1.115000	0.007000	780.700995
-1.115000	0.009800	804.700995
-1.115000	0.012600	836.700995
-1.115000	0.015400	874.192087
-1.115000	0.018200	877.747630
-1.115000	0.021000	889.303172
-1.115000	0.023800	908.858715
-1.115000	0.026600	936.414258
-1.115000	0.029400	971.969801
-1.115000	0.032200	1015.525344
-1.115000	0.035000	1027.715377
-1.115000	0.037800	1042.826491
-1.115000	0.040600	1065.937606
-1.115000	0.043400	1097.048720
-1.115000	0.046200	1136.159834
-1.115000	0.049000	1142.059820
-1.115000	0.051800	1152.726477
-1.115000	0.054600	1171.393134
-1.115000	0.057400	1198.059791
-1.115000	0.060200	1194.831222
-1.115000	0.063000	1193.053450
-1.115000	0.065800	1199.275679
-1.115000	0.068600	1213.497907
-1.081000	-0.068600	762.943706
-1.081000	-0.065800	748.721477
-1.081000	-0.063000	742.499249
-1.081000	-0.060200	744.277020
-1.081000	-0.057400	754.054792
-1.081000	-0.054600	760.277103
-1.081000	-0.051800	741.610446
-1.081000	-0.049000	730.943788
-1.081000	-0.046200	728.277131
-1.081000	-0.043400	733.610474
-1.081000	-0.040600	746.943817
-1.081000	-0.037800	750.499360
-1.081000	-0.035000	735.388246
-1.081000	-0.032200	728.277131
-1.081000	-0.029400	729.166017
-1.081000	-0.026600	738.054903
-1.081000	-0.023800	743.628007
-1.081000	-0.021000	724.072464
-1.081000	-0.018200	712.516921
-1.081000	-0.015400	708.961379
-1.081000	-0.012600	713.405836
-1.081000	-0.009800	725.850293
-1.081000	-0.007000	746.294750
-1.081000	-0.004200	766.478877
-1.081000	-0.001400	758.478877
-1.081000	0.001400	758.478877
-1.081000	0.004200	766.478877
-1.081000	0.007000	782.478877
-1.081000	0.009800	806.478877
-1.081000	0.012600	838.478877
-1.081000	0.015400	875.969969
-1.081000	0.018200	879.525512
-1.081000	0.021000	891.081055
-1.081000	0.023800	910.636598
-1.081000	0.026600	938.192140
-1.081000	0.029400	973.747683
-1.081000	0.032200	1017.303226
-1.081000	0.035000	1029.493259
-1.081000	0.037800	1044.604374
-1.081000	0.040600	1067.715488
-1.081000	0.043400	1098.826602
-1.081000	0.046200	1137.937717
-1.081000	0.049000	1143.837702
-1.081000	0.051800	1154.504359
-1.081000	0.054600	1173.171016
-1.081000	0.057400	1199.837674
-1.081000	0.060200	1196.609104
-1.081000	0.063000	1194.831333
-1.081000	0.065800	1201.053561
-1.081000	0.068600	1215.275790
-1.047000	-0.068600	772.721588
-1.047000	-0.065800	758.499360
-1.047000	-0.063000	752.277131
-1.047000	-0.060200	754.054903
-1.047000	-0.057400	763.832674
-1.047000	-0.054600	767.920594
-1.047000	-0.051800	749.253936
-1.047000	-0.049000	738.587279
-1.047000	-0.046200	735.920622
-1.047000	-0.043400	741.253965
-1.047000	-0.040600	750.418576
-1.047000	-0.037800	727.307462
-1.047000	-0.035000	712.196348
-1.047000	-0.032200	705.085233
-1.047000	-0.029400	705.974119
-1.047000	-0.026600	714.863005
-1.047000	-0.023800	708.961348
-1.047000	-0.021000	689.405805
-1.047000	-0.018200	677.850263
-1.047000	-0.015400	674.294720
-1.047000	-0.012600	678.739177
-1.047000	-0.009800	691.183634
-1.047000	-0.007000	711.628091
-1.047000	-0.004200	740.072548
-1.047000	-0.001400	739.682669
-1.047000	0.001400	739.682669
-1.047000	0.004200	747.682669
-1.047000	0.007000	763.682669
-1.047000	0.009800	787.682669
-1.047000	0.012600	819.682669
-1.047000	0.015400	859.682669
-1.047000	0.018200	869.913607
-1.047000	0.021000	881.469150
-1.047000	0.023800	901.024692
-1.047000	0.026600	928.580235
-1.047000	0.029400	964.135778
-1.047000	0.032200	1007.691321
-1.047000	0.035000	1039.271142
-1.047000	0.037800	1054.382256
-1.047000	0.040600	1077.493370
-1.047000	0.043400	1108.604485
-1.047000	0.046200	1147.715599
-1.047000	0.049000	1153.615585
-1.047000	0.051800	1164.282242
-1.047000	0.054600	1182.948899
-1.047000	0.057400	1209.615556
-1.047000	0.060200	1206.386986
-1.047000	0.063000	1204.609215
-1.047000	0.065800	1210.831444
-1.047000	0.068600	1225.053672
-1.013000	-0.068600	770.952285
-1.013000	-0.065800	756.730057
-1.013000	-0.063000	750.507828
-1.013000	-0.060200	752.285599
-1.013000	-0.057400	762.063371
-1.013000	-0.054600	741.253935
-1.013000	-0.051800	722.587278
-1.013000	-0.049000	711.920620
-1.013000	-0.046200	709.253963
-1.013000	-0.043400	714.587306
-1.013000	-0.040600	723.751917
-1.013000	-0.037800	700.640803
-1.013000	-0.035000	685.529689
-1.013000	-0.032200	678.418574
-1.013000	-0.029400	679.307460
-1.013000	-0.026600	688.196346
-1.013000	-0.023800	682.294689
-1.013000	-0.021000	662.739147
-1.013000	-0.018200	651.183604
-1.013000	-0.015400	647.628061
-1.013000	-0.012600	652.072518
-1.013000	-0.009800	664.516975
-1.013000	-0.007000	684.961432
-1.013000	-0.004200	713.405889
-1.013000	-0.001400	713.016010
-1.013000	0.001400	713.016010
-1.013000	0.004200	721.016010
-1.013000	0.007000	737.016010
-1.013000	0.009800	761.016010
-1.013000	0.012600	793.016010
-1.013000	0.015400	833.016010
-1.013000	0.018200	843.246948
-1.013000	0.021000	854.802491
-1.013000	0.023800	874.358034
-1.013000	0.026600	901.913576
-1.013000	0.029400	937.469119
-1.013000	0.032200	981.024662
-1.013000	0.035000	1032.580205
-1.013000	0.037800	1054.981544
-1.013000	0.040600	1078.092658
-1.013000	0.043400	1109.203772
-1.013000	0.046200	1148.314887
-1.013000	0.049000	1171.393467
-1.013000	0.051800	1182.060124
-1.013000	0.054600	1200.726781
-1.013000	0.057400	1227.393438
-1.013000	0.060200	1224.164869
-1.013000	0.063000	1222.387097
-1.013000	0.065800	1228.609326
-1.013000	0.068600	1242.831554
-0.979000	-0.068600	752.285626
-0.979000	-0.065800	738.063398
-0.979000	-0.063000	731.841169
-0.979000	-0.060200	733.618941
-0.979000	-0.057400	743.396712
-0.979000	-0.054600	722.587276
-0.979000	-0.051800	703.920619
-0.979000	-0.049000	693.253962
-0.979000	-0.046200	690.587305
-0.979000	-0.043400	695.920647
-0.979000	-0.040600	705.085258
-0.979000	-0.037800	681.974144
-0.979000	-0.035000	666.863030
-0.979000	-0.032200	659.751916
-0.979000	-0.029400	660.640801
-0.979000	-0.026600	669.529687
-0.979000	-0.023800	663.628031
-0.979000	-0.021000	644.072488
-0.979000	-0.018200	632.516945
-0.979000	-0.015400	628.961402
-0.979000	-0.012600	633.405859
-0.979000	-0.009800	645.850316
-0.979000	-0.007000	666.294773
-0.979000	-0.004200	694.739231
-0.979000	-0.001400	694.349351
-0.979000	0.001400	694.349351
-0.979000	0.004200	702.349351
-0.979000	0.007000	718.349351
-0.979000	0.009800	742.349351
-0.979000	0.012600	774.349351
-0.979000	0.015400	814.349351
-0.979000	0.018200	824.580289
-0.979000	0.021000	836.135832
-0.979000	0.023800	855.691375
-0.979000	0.026600	883.246918
-0.979000	0.029400	918.802460
-0.979000	0.032200	962.358003
-0.979000	0.035000	1013.913546
-0.979000	0.037800	1036.314885
-0.979000	0.040600	1059.425999
-0.979000	0.043400	1090.537114
-0.979000	0.046200	1129.648228
-0.979000	0.049000	1176.683005
-0.979000	0.051800	1187.349662
-0.979000	0.054600	1206.016320
-0.979000	0.057400	1232.682977
-0.979000	0.060200	1249.942751
-0.979000	0.063000	1248.164980
-0.979000	0.065800	1254.387208
-0.979000	0.068600	1268.609437
-0.945000	-0.068600	741.618967
-0.945000	-0.065800	727.396739
-0.945000	-0.063000	721.174510
-0.945000	-0.060200	722.952282
-0.945000	-0.057400	732.730053
-0.945000	-0.054600	711.920617
-0.945000	-0.051800	693.253960
-0.945000	-0.049000	682.587303
-0.945000	-0.046200	679.920646
-0.945000	-0.043400	685.253989
-0.945000	-0.040600	694.418600
-0.945000	-0.037800	671.307485
-0.945000	-0.035000	656.196371
-0.945000	-0.032200	649.085257
-0.945000	-0.029400	649.974143
-0.945000	-0.026600	658.863028
-0.945000	-0.023800	652.961372
-0.945000	-0.021000	633.405829
-0.945000	-0.018200	621.850286
-0.945000	-0.015400	618.294743
-0.945000	-0.012600	622.739200
-0.945000	-0.009800	635.183658
-0.945000	-0.007000	655.628115
-0.945000	-0.004200	667.053686
-0.945000	-0.001400	659.053686
-0.945000	0.001400	659.053686
-0.945000	0.004200	667.053686
-0.945000	0.007000	683.053686
-0.945000	0.009800	707.053686
-0.945000	0.012600	739.053686
-0.945000	0.015400	779.053686
-0.945000	0.018200	813.913630
-0.945000	0.021000	825.469173
-0.945000	0.023800	845.024716
-0.945000	0.026600	872.580259
-0.945000	0.029400	908.135802
-0.945000	0.032200	951.691345
-0.945000	0.035000	1003.246887
-0.945000	0.037800	1025.648226
-0.945000	0.040600	1048.759340
-0.945000	0.043400	1079.870455
-0.945000	0.046200	1118.981569
-0.945000	0.049000	1166.016346
-0.945000	0.051800	1176.683004
-0.945000	0.054600	1195.349661
-0.945000	0.057400	1222.016318
-0.945000	0.060200	1256.682975
-0.945000	0.063000	1256.078546
-0.945000	0.065800	1262.300774
-0.945000	0.068600	1276.523003
-0.911000	-0.068600	738.952309
-0.911000	-0.065800	724.730080
-0.911000	-0.063000	718.507851
-0.911000	-0.060200	720.285623
-0.911000	-0.057400	730.063394
-0.911000	-0.054600	709.253958
-0.911000	-0.051800	690.587301
-0.911000	-0.049000	679.920644
-0.911000	-0.046200	677.253987
-0.911000	-0.043400	682.587330
-0.911000	-0.040600	691.751941
-0.911000	-0.037800	668.640827
-0.911000	-0.035000	653.529712
-0.911000	-0.032200	646.418598
-0.911000	-0.029400	647.307484
-0.911000	-0.026600	655.555807
-0.911000	-0.023800	628.000265
-0.911000	-0.021000	608.444722
-0.911000	-0.018200	596.889179
-0.911000	-0.015400	593.333636
-0.911000	-0.012600	597.778093
-0.911000	-0.009800	610.222550
-0.911000	-0.007000	630.667007
-0.911000	-0.004200	619.942580
-0.911000	-0.001400	611.942580
-0.911000	0.001400	611.942580
-0.911000	0.004200	619.942580
-0.911000	0.007000	635.942580
-0.911000	0.009800	659.942580
-0.911000	0.012600	691.942580
-0.911000	0.015400	731.942580
-0.911000	0.018200	779.607861
-0.911000	0.021000	791.163404
-0.911000	0.023800	810.718946
-0.911000	0.026600	838.274489
-0.911000	0.029400	873.830032
-0.911000	0.032200	917.385575
-0.911000	0.035000	968.941118
-0.911000	0.037800	1022.981567
-0.911000	0.040600	1046.092682
-0.911000	0.043400	1077.203796
-0.911000	0.046200	1116.314910
-0.911000	0.049000	1163.349688
-0.911000	0.051800	1174.016345
-0.911000	0.054600	1192.683002
-0.911000	0.057400	1219.349659
-0.911000	0.060200	1254.016316
-0.911000	0.063000	1253.411887
-0.911000	0.065800	1259.634115
-0.911000	0.068600	1273.856344
-0.877000	-0.068600	744.285650
-0.877000	-0.065800	730.063421
-0.877000	-0.063000	723.841193
-0.877000	-0.060200	725.618964
-0.877000	-0.057400	735.396736
-0.877000	-0.054600	714.587299
-0.877000	-0.051800	695.920642
-0.877000	-0.049000	685.253985
-0.877000	-0.046200	682.587328
-0.877000	-0.043400	687.920671
-0.877000	-0.040600	665.714147
-0.877000	-0.037800	642.603032
-0.877000	-0.035000	627.491918
-0.877000	-0.032200	620.380804
-0.877000	-0.029400	621.269689
-0.877000	-0.026600	616.444702
-0.877000	-0.023800	588.889159
-0.877000	-0.021000	569.333616
-0.877000	-0.018200	557.778073
-0.877000	-0.015400	554.222530
-0.877000	-0.012600	558.666987
-0.877000	-0.009800	571.111444
-0.877000	-0.007000	591.555902
-0.877000	-0.004200	580.831474
-0.877000	-0.001400	572.831474
-0.877000	0.001400	572.831474
-0.877000	0.004200	580.831474
-0.877000	0.007000	596.831474
-0.877000	0.009800	620.831474
-0.877000	0.012600	652.831474
-0.877000	0.015400	692.831474
-0.877000	0.018200	740.496755
-0.877000	0.021000	752.052298
-0.877000	0.023800	771.607841
-0.877000	0.026600	799.163383
-0.877000	0.029400	834.718926
-0.877000	0.032200	878.274469
-0.877000	0.035000	929.830012
-0.877000	0.037800	989.385555
-0.877000	0.040600	1051.426023
-0.877000	0.043400	1082.537137
-0.877000	0.046200	1121.648251
-0.877000	0.049000	1168.683029
-0.877000	0.051800	1179.349686
-0.877000	0.054600	1198.016343
-0.877000	0.057400	1224.683000
-0.877000	0.060200	1259.349657
-0.877000	0.063000	1258.745228
-0.877000	0.065800	1264.967457
-0.877000	0.068600	1279.189685
-0.843000	-0.068600	747.158919
-0.843000	-0.065800	732.936690
-0.843000	-0.063000	726.714462
-0.843000	-0.060200	728.492233
-0.843000	-0.057400	733.629316
-0.843000	-0.054600	706.962659
-0.843000	-0.051800	688.296002
-0.843000	-0.049000	677.629345
-0.843000	-0.046200	674.962688
-0.843000	-0.043400	665.714155
-0.843000	-0.040600	634.603041
-0.843000	-0.037800	611.491926
-0.843000	-0.035000	596.380812
-0.843000	-0.032200	589.269698
-0.843000	-0.029400	590.158583
-0.843000	-0.026600	585.333596
-0.843000	-0.023800	557.778053
-0.843000	-0.021000	538.222510
-0.843000	-0.018200	526.666967
-0.843000	-0.015400	523.111424
-0.843000	-0.012600	527.555881
-0.843000	-0.009800	540.000339
-0.843000	-0.007000	560.444796
-0.843000	-0.004200	549.720368
-0.843000	-0.001400	541.720368
-0.843000	0.001400	541.720368
-0.843000	0.004200	549.720368
-0.843000	0.007000	565.720368
-0.843000	0.009800	589.720368
-0.843000	0.012600	621.720368
-0.843000	0.015400	661.720368
-0.843000	0.018200	709.385649
-0.843000	0.021000	720.941192
-0.843000	0.023800	740.496735
-0.843000	0.026600	768.052278
-0.843000	0.029400	803.607820
-0.843000	0.032200	847.163363
-0.843000	0.035000	898.718906
-0.843000	0.037800	958.274449
-0.843000	0.040600	1025.829992
-0.843000	0.043400	1064.988649
-0.843000	0.046200	1104.099764
-0.843000	0.049000	1151.210878
-0.843000	0.051800	1192.683027
-0.843000	0.054600	1211.349684
-0.843000	0.057400	1238.016341
-0.843000	0.060200	1272.682999
-0.843000	0.063000	1272.078569
-0.843000	0.065800	1278.300798
-0.843000	0.068600	1292.523026
-0.809000	-0.068600	724.047813
-0.809000	-0.065800	709.825584
-0.809000	-0.063000	703.603356
-0.809000	-0.060200	705.381127
-0.809000	-0.057400	710.518210
-0.809000	-0.054600	683.851553
-0.809000	-0.051800	665.184896
-0.809000	-0.049000	654.518239
-0.809000	-0.046200	651.851582
-0.809000	-0.043400	642.603049
-0.809000	-0.040600	611.491935
-0.809000	-0.037800	588.380820
-0.809000	-0.035000	573.269706
-0.809000	-0.032200	566.158592
-0.809000	-0.029400	567.047478
-0.809000	-0.026600	562.222490
-0.809000	-0.023800	534.666947
-0.809000	-0.021000	515.111404
-0.809000	-0.018200	503.555861
-0.809000	-0.015400	500.000318
-0.809000	-0.012600	504.444776
-0.809000	-0.009800	516.889233
-0.809000	-0.007000	537.333690
-0.809000	-0.004200	526.609262
-0.809000	-0.001400	518.609262
-0.809000	0.001400	518.609262
-0.809000	0.004200	526.609262
-0.809000	0.007000	542.609262
-0.809000	0.009800	566.609262
-0.809000	0.012600	598.609262
-0.809000	0.015400	638.609262
-0.809000	0.018200	686.274543
-0.809000	0.021000	697.830086
-0.809000	0.023800	717.385629
-0.809000	0.026600	744.941172
-0.809000	0.029400	780.496715
-0.809000	0.032200	824.052257
-0.809000	0.035000	875.607800
-0.809000	0.037800	935.163343
-0.809000	0.040600	1002.718886
-0.809000	0.043400	1041.877544
-0.809000	0.046200	1080.988658
-0.809000	0.049000	1128.099772
-0.809000	0.051800	1183.210886
-0.809000	0.054600	1232.683025
-0.809000	0.057400	1259.349683
-0.809000	0.060200	1294.016340
-0.809000	0.063000	1293.411910
-0.809000	0.065800	1299.634139
-0.809000	0.068600	1313.856367
-0.775000	-0.068600	708.936707
-0.775000	-0.065800	694.714478
-0.775000	-0.063000	688.492250
-0.775000	-0.060200	690.270021
-0.775000	-0.057400	695.407105
-0.775000	-0.054600	668.740447
-0.775000	-0.051800	650.073790
-0.775000	-0.049000	639.407133
-0.775000	-0.046200	636.740476
-0.775000	-0.043400	627.491943
-0.775000	-0.040600	596.380829
-0.775000	-0.037800	573.269715
-0.775000	-0.035000	558.158600
-0.775000	-0.032200	551.047486
-0.775000	-0.029400	551.936372
-0.775000	-0.026600	547.111384
-0.775000	-0.023800	519.555841
-0.775000	-0.021000	500.000298
-0.775000	-0.018200	488.444755
-0.775000	-0.015400	484.889213
-0.775000	-0.012600	489.333670
-0.775000	-0.009800	501.778127
-0.775000	-0.007000	483.568352
-0.775000	-0.004200	467.568352
-0.775000	-0.001400	459.568352
-0.775000	0.001400	459.568352
-0.775000	0.004200	467.568352
-0.775000	0.007000	483.568352
-0.775000	0.009800	507.568352
-0.775000	0.012600	539.568352
-0.775000	0.015400	579.568352
-0.775000	0.018200	627.568352
-0.775000	0.021000	682.718980
-0.775000	0.023800	702.274523
-0.775000	0.026600	729.830066
-0.775000	0.029400	765.385609
-0.775000	0.032200	808.941152
-0.775000	0.035000	860.496694
-0.775000	0.037800	920.052237
-0.775000	0.040600	987.607780
-0.775000	0.043400	1026.766438
-0.775000	0.046200	1065.877552
-0.775000	0.049000	1112.988666
-0.775000	0.051800	1168.099780
-0.775000	0.054600	1226.213109
-0.775000	0.057400	1252.879766
-0.775000	0.060200	1287.546423
-0.775000	0.063000	1322.745251
-0.775000	0.065800	1328.967480
-0.775000	0.068600	1343.189709
-0.741000	-0.068600	701.825601
-0.741000	-0.065800	687.603373
-0.741000	-0.063000	681.381144
-0.741000	-0.060200	683.158915
-0.741000	-0.057400	688.295999
-0.741000	-0.054600	661.629341
-0.741000	-0.051800	642.962684
-0.741000	-0.049000	632.296027
-0.741000	-0.046200	629.629370
-0.741000	-0.043400	620.380837
-0.741000	-0.040600	589.269723
-0.741000	-0.037800	566.158609
-0.741000	-0.035000	551.047494
-0.741000	-0.032200	543.936380
-0.741000	-0.029400	544.825266
-0.741000	-0.026600	540.000278
-0.741000	-0.023800	512.444735
-0.741000	-0.021000	492.889192
-0.741000	-0.018200	481.333650
-0.741000	-0.015400	477.778107
-0.741000	-0.012600	482.222564
-0.741000	-0.009800	456.012799
-0.741000	-0.007000	432.012799
-0.741000	-0.004200	416.012799
-0.741000	-0.001400	408.012799
-0.741000	0.001400	408.012799
-0.741000	0.004200	416.012799
-0.741000	0.007000	432.012799
-0.741000	0.009800	456.012799
-0.741000	0.012600	488.012799
-0.741000	0.015400	528.012799
-0.741000	0.018200	576.012799
-0.741000	0.021000	632.012799
-0.741000	0.023800	656.004500
-0.741000	0.026600	683.560043
-0.741000	0.029400	719.115586
-0.741000	0.032200	762.671129
-0.741000	0.035000	814.226672
-0.741000	0.037800	873.782214
-0.741000	0.040600	941.337757
-0.741000	0.043400	1016.893300
-0.741000	0.046200	1058.766446
-0.741000	0.049000	1105.877560
-0.741000	0.051800	1160.988675
-0.741000	0.054600	1219.102003
-0.741000	0.057400	1245.768660
-0.741000	0.060200	1280.435317
-0.741000	0.063000	1316.670242
-0.741000	0.065800	1322.892470
-0.741000	0.068600	1337.114699
-0.707000	-0.068600	702.714495
-0.707000	-0.065800	688.492267
-0.707000	-0.063000	682.270038
-0.707000	-0.060200	684.047810
-0.707000	-0.057400	689.184893
-0.707000	-0.054600	662.518236
-0.707000	-0.051800	643.851578
-0.707000	-0.049000	633.184921
-0.707000	-0.046200	630.518264
-0.707000	-0.043400	621.269731
-0.707000	-0.040600	590.158617
-0.707000	-0.037800	567.047503
-0.707000	-0.035000	551.936389
-0.707000	-0.032200	544.825274
-0.707000	-0.029400	545.714160
-0.707000	-0.026600	531.592268
-0.707000	-0.023800	504.036725
-0.707000	-0.021000	484.481182
-0.707000	-0.018200	472.925639
-0.707000	-0.015400	469.370096
-0.707000	-0.012600	444.457246
-0.707000	-0.009800	412.457246
-0.707000	-0.007000	388.457246
-0.707000	-0.004200	372.457246
-0.707000	-0.001400	364.457246
-0.707000	0.001400	364.457246
-0.707000	0.004200	372.457246
-0.707000	0.007000	388.457246
-0.707000	0.009800	412.457246
-0.707000	0.012600	444.457246
-0.707000	0.015400	484.457246
-0.707000	0.018200	532.457246
-0.707000	0.021000	588.457246
-0.707000	0.023800	612.448947
-0.707000	0.026600	640.004490
-0.707000	0.029400	675.560033
-0.707000	0.032200	719.115576
-0.707000	0.035000	770.671119
-0.707000	0.037800	830.226662
-0.707000	0.040600	897.782204
-0.707000	0.043400	973.337747
-0.707000	0.046200	1056.893290
-0.707000	0.049000	1106.766454
-0.707000	0.051800	1161.877569
-0.707000	0.054600	1219.990897
-0.707000	0.057400	1246.657554
-0.707000	0.060200	1281.324211
-0.707000	0.063000	1317.559136
-0.707000	0.065800	1323.781364
-0.707000	0.068600	1338.003593
-0.673000	-0.068600	711.603389
-0.673000	-0.065800	697.381161
-0.673000	-0.063000	691.158932
-0.673000	-0.060200	692.936704
-0.673000	-0.057400	698.073787
-0.673000	-0.054600	671.407130
-0.673000	-0.051800	652.740473
-0.673000	-0.049000	642.073815
-0.673000	-0.046200	639.407158
-0.673000	-0.043400	630.158626
-0.673000	-0.040600	599.047511
-0.673000	-0.037800	575.936397
-0.673000	-0.035000	560.825283
-0.673000	-0.032200	553.714168
-0.673000	-0.029400	531.592258
-0.673000	-0.026600	496.036715
-0.673000	-0.023800	468.481172
-0.673000	-0.021000	448.925629
-0.673000	-0.018200	437.370086
-0.673000	-0.015400	433.814543
-0.673000	-0.012600	408.901693
-0.673000	-0.009800	376.901693
-0.673000	-0.007000	352.901693
-0.673000	-0.004200	336.901693
-0.673000	-0.001400	328.901693
-0.673000	0.001400	328.901693
-0.673000	0.004200	336.901693
-0.673000	0.007000	352.901693
-0.673000	0.009800	376.901693
-0.673000	0.012600	408.901693
-0.673000	0.015400	448.901693
-0.673000	0.018200	496.901693
-0.673000	0.021000	552.901693
-0.673000	0.023800	576.893394
-0.673000	0.026600	604.448937
-0.673000	0.029400	640.004480
-0.673000	0.032200	683.560023
-0.673000	0.035000	735.115566
-0.673000	0.037800	794.671109
-0.673000	0.040600	862.226651
-0.673000	0.043400	937.782194
-0.673000	0.046200	1021.337737
-0.673000	0.049000	1112.048037
-0.673000	0.051800	1167.159151
-0.673000	0.054600	1228.879791
-0.673000	0.057400	1255.546448
-0.673000	0.060200	1290.213105
-0.673000	0.063000	1326.448030
-0.673000	0.065800	1332.670258
-0.673000	0.068600	1346.892487
-0.639000	-0.068600	722.603151
-0.639000	-0.065800	708.380923
-0.639000	-0.063000	702.158694
-0.639000	-0.060200	703.936465
-0.639000	-0.057400	693.549195
-0.639000	-0.054600	666.882538
-0.639000	-0.051800	648.215881
-0.639000	-0.049000	637.549224
-0.639000	-0.046200	634.882566
-0.639000	-0.043400	622.117939
-0.639000	-0.040600	591.006824
-0.639000	-0.037800	567.895710
-0.639000	-0.035000	552.784596
-0.639000	-0.032200	545.673481
-0.639000	-0.029400	504.036705
-0.639000	-0.026600	468.481162
-0.639000	-0.023800	440.925619
-0.639000	-0.021000	421.370076
-0.639000	-0.018200	409.814533
-0.639000	-0.015400	406.258990
-0.639000	-0.012600	381.346140
-0.639000	-0.009800	349.346140
-0.639000	-0.007000	325.346140
-0.639000	-0.004200	309.346140
-0.639000	-0.001400	301.346140
-0.639000	0.001400	301.346140
-0.639000	0.004200	309.346140
-0.639000	0.007000	325.346140
-0.639000	0.009800	349.346140
-0.639000	0.012600	381.346140
-0.639000	0.015400	421.346140
-0.639000	0.018200	469.346140
-0.639000	0.021000	525.346140
-0.639000	0.023800	549.337841
-0.639000	0.026600	576.893384
-0.639000	0.029400	612.448927
-0.639000	0.032200	656.004470
-0.639000	0.035000	707.560013
-0.639000	0.037800	767.115556
-0.639000	0.040600	834.671099
-0.639000	0.043400	910.226641
-0.639000	0.046200	993.782184
-0.639000	0.049000	1084.492484
-0.639000	0.051800	1139.603598
-0.639000	0.054600	1202.714713
-0.639000	0.057400	1272.435342
-0.639000	0.060200	1307.101999
-0.639000	0.063000	1343.336924
-0.639000	0.065800	1349.559153
-0.639000	0.068600	1363.781381
-0.605000	-0.068600	703.047598
-0.605000	-0.065800	688.825370
-0.605000	-0.063000	682.603141
-0.605000	-0.060200	684.380913
-0.605000	-0.057400	673.993642
-0.605000	-0.054600	647.326985
-0.605000	-0.051800	628.660328
-0.605000	-0.049000	617.993671
-0.605000	-0.046200	615.327013
-0.605000	-0.043400	602.562386
-0.605000	-0.040600	571.451271
-0.605000	-0.037800	548.340157
-0.605000	-0.035000	533.229043
-0.605000	-0.032200	526.117929
-0.605000	-0.029400	484.481152
-0.605000	-0.026600	448.925609
-0.605000	-0.023800	421.370066
-0.605000	-0.021000	401.814523
-0.605000	-0.018200	390.258980
-0.605000	-0.015400	386.703437
-0.605000	-0.012600	361.790588
-0.605000	-0.009800	329.790588
-0.605000	-0.007000	305.790588
-0.605000	-0.004200	289.790588
-0.605000	-0.001400	281.790588
-0.605000	0.001400	281.790588
-0.605000	0.004200	289.790588
-0.605000	0.007000	305.790588
-0.605000	0.009800	329.790588
-0.605000	0.012600	361.790588
-0.605000	0.015400	401.790588
-0.605000	0.018200	449.790588
-0.605000	0.021000	505.790588
-0.605000	0.023800	529.782288
-0.605000	0.026600	557.337831
-0.605000	0.029400	592.893374
-0.605000	0.032200	636.448917
-0.605000	0.035000	688.004460
-0.605000	0.037800	747.560003
-0.605000	0.040600	815.115546
-0.605000	0.043400	890.671088
-0.605000	0.046200	974.226631
-0.605000	0.049000	1064.936931
-0.605000	0.051800	1120.048045
-0.605000	0.054600	1183.159160
-0.605000	0.057400	1254.270274
-0.605000	0.060200	1324.405697
-0.605000	0.063000	1367.072355
-0.605000	0.065800	1374.448047
-0.605000	0.068600	1388.670275
-0.571000	-0.068600	691.492045
-0.571000	-0.065800	677.269817
-0.571000	-0.063000	671.047588
-0.571000	-0.060200	672.825360
-0.571000	-0.057400	662.438089
-0.571000	-0.054600	635.771432
-0.571000	-0.051800	617.104775
-0.571000	-0.049000	606.438118
-0.571000	-0.046200	603.771461
-0.571000	-0.043400	591.006833
-0.571000	-0.040600	559.895718
-0.571000	-0.037800	536.784604
-0.571000	-0.035000	521.673490
-0.571000	-0.032200	514.562376
-0.571000	-0.029400	472.925599
-0.571000	-0.026600	437.370056
-0.571000	-0.023800	409.814513
-0.571000	-0.021000	390.258970
-0.571000	-0.018200	378.703427
-0.571000	-0.015400	375.147884
-0.571000	-0.012600	350.235035
-0.571000	-0.009800	318.235035
-0.571000	-0.007000	294.235035
-0.571000	-0.004200	278.235035
-0.571000	-0.001400	270.235035
-0.571000	0.001400	270.235035
-0.571000	0.004200	278.235035
-0.571000	0.007000	294.235035
-0.571000	0.009800	318.235035
-0.571000	0.012600	350.235035
-0.571000	0.015400	390.235035
-0.571000	0.018200	438.235035
-0.571000	0.021000	494.235035
-0.571000	0.023800	518.226736
-0.571000	0.026600	545.782278
-0.571000	0.029400	581.337821
-0.571000	0.032200	624.893364
-0.571000	0.035000	676.448907
-0.571000	0.037800	736.004450
-0.571000	0.040600	803.559993
-0.571000	0.043400	879.115536
-0.571000	0.046200	962.671078
-0.571000	0.049000	1053.381378
-0.571000	0.051800	1108.492492
-0.571000	0.054600	1171.603607
-0.571000	0.057400	1242.714721
-0.571000	0.060200	1312.850144
-0.571000	0.063000	1355.516802
-0.571000	0.065800	1406.183459
-0.571000	0.068600	1421.559169
-0.537000	-0.068600	687.936492
-0.537000	-0.065800	673.714264
-0.537000	-0.063000	667.492035
-0.537000	-0.060200	669.269807
-0.537000	-0.057400	658.882536
-0.537000	-0.054600	632.215879
-0.537000	-0.051800	613.549222
-0.537000	-0.049000	602.882565
-0.537000	-0.046200	600.215908
-0.537000	-0.043400	587.451280
-0.537000	-0.040600	556.340165
-0.537000	-0.037800	533.229051
-0.537000	-0.035000	518.117937
-0.537000	-0.032200	511.006823
-0.537000	-0.029400	469.370046
-0.537000	-0.026600	433.814503
-0.537000	-0.023800	406.258960
-0.537000	-0.021000	386.703417
-0.537000	-0.018200	375.147874
-0.537000	-0.015400	371.592332
-0.537000	-0.012600	346.679482
-0.537000	-0.009800	314.679482
-0.537000	-0.007000	290.679482
-0.537000	-0.004200	274.679482
-0.537000	-0.001400	266.679482
-0.537000	0.001400	266.679482
-0.537000	0.004200	274.679482
-0.537000	0.007000	290.679482
-0.537000	0.009800	314.679482
-0.537000	0.012600	346.679482
-0.537000	0.015400	386.679482
-0.537000	0.018200	434.679482
-0.537000	0.021000	490.679482
-0.537000	0.023800	514.671183
-0.537000	0.026600	542.226725
-0.537000	0.029400	577.782268
-0.537000	0.032200	621.337811
-0.537000	0.035000	672.893354
-0.537000	0.037800	732.448897
-0.537000	0.040600	800.004440
-0.537000	0.043400	875.559983
-0.537000	0.046200	959.115525
-0.537000	0.049000	1049.825825
-0.537000	0.051800	1104.936940
-0.537000	0.054600	1168.048054
-0.537000	0.057400	1239.159168
-0.537000	0.060200	1309.294592
-0.537000	0.063000	1351.961249
-0.537000	0.065800	1402.627906
-0.537000	0.068600	1451.607075
-0.503000	-0.068600	692.380939
-0.503000	-0.065800	678.158711
-0.503000	-0.063000	671.936482
-0.503000	-0.060200	673.714254
-0.503000	-0.057400	663.326983
-0.503000	-0.054600	636.660326
-0.503000	-0.051800	617.993669
-0.503000	-0.049000	607.327012
-0.503000	-0.046200	604.660355
-0.503000	-0.043400	591.895727
-0.503000	-0.040600	560.784613
-0.503000	-0.037800	537.673498
-0.503000	-0.035000	522.562384
-0.503000	-0.032200	515.451270
-0.503000	-0.029400	473.814493
-0.503000	-0.026600	438.258950
-0.503000	-0.023800	410.703407
-0.503000	-0.021000	391.147864
-0.503000	-0.018200	379.592321
-0.503000	-0.015400	376.036779
-0.503000	-0.012600	351.123929
-0.503000	-0.009800	319.123929
-0.503000	-0.007000	295.123929
-0.503000	-0.004200	279.123929
-0.503000	-0.001400	271.123929
-0.503000	0.001400	271.123929
-0.503000	0.004200	279.123929
-0.503000	0.007000	295.123929
-0.503000	0.009800	319.123929
-0.503000	0.012600	351.123929
-0.503000	0.015400	391.123929
-0.503000	0.018200	439.123929
-0.503000	0.021000	495.123929
-0.503000	0.023800	519.115630
-0.503000	0.026600	546.671172
-0.503000	0.029400	582.226715
-0.503000	0.032200	625.782258
-0.503000	0.035000	677.337801
-0.503000	0.037800	736.893344
-0.503000	0.040600	804.448887
-0.503000	0.043400	880.004430
-0.503000	0.046200	963.559972
-0.503000	0.049000	1054.270272
-0.503000	0.051800	1109.381387
-0.503000	0.054600	1172.492501
-0.503000	0.057400	1243.603615
-0.503000	0.060200	1313.739039
-0.503000	0.063000	1356.405696
-0.503000	0.065800	1407.072353
-0.503000	0.068600	1456.051522
-0.469000	-0.068600	704.825386
-0.469000	-0.065800	690.603158
-0.469000	-0.063000	684.380929
-0.469000	-0.060200	686.158701
-0.469000	-0.057400	675.771430
-0.469000	-0.054600	649.104773
-0.469000	-0.051800	630.438116
-0.469000	-0.049000	619.771459
-0.469000	-0.046200	617.104802
-0.469000	-0.043400	604.340174
-0.469000	-0.040600	573.229060
-0.469000	-0.037800	550.117945
-0.469000	-0.035000	535.006831
-0.469000	-0.032200	527.895717
-0.469000	-0.029400	486.258940
-0.469000	-0.026600	450.703397
-0.469000	-0.023800	423.147854
-0.469000	-0.021000	403.592311
-0.469000	-0.018200	392.036768
-0.469000	-0.015400	388.481226
-0.469000	-0.012600	363.568376
-0.469000	-0.009800	331.568376
-0.469000	-0.007000	307.568376
-0.469000	-0.004200	291.568376
-0.469000	-0.001400	283.568376
-0.469000	0.001400	283.568376
-0.469000	0.004200	291.568376
-0.469000	0.007000	307.568376
-0.469000	0.009800	331.568376
-0.469000	0.012600	363.568376
-0.469000	0.015400	403.568376
-0.469000	0.018200	451.568376
-0.469000	0.021000	507.568376
-0.469000	0.023800	531.560077
-0.469000	0.026600	559.115620
-0.469000	0.029400	594.671162
-0.469000	0.032200	638.226705
-0.469000	0.035000	689.782248
-0.469000	0.037800	749.337791
-0.469000	0.040600	816.893334
-0.469000	0.043400	892.448877
-0.469000	0.046200	976.004420
-0.469000	0.049000	1066.714719
-0.469000	0.051800	1121.825834
-0.469000	0.054600	1184.936948
-0.469000	0.057400	1256.048062
-0.469000	0.060200	1326.183486
-0.469000	0.063000	1368.850143
-0.469000	0.065800	1419.516800
-0.469000	0.068600	1468.495969
-0.435000	-0.068600	694.767476
-0.435000	-0.065800	680.545248
-0.435000	-0.063000	674.323019
-0.435000	-0.060200	676.100790
-0.435000	-0.057400	685.878562
-0.435000	-0.054600	669.549220
-0.435000	-0.051800	650.882563
-0.435000	-0.049000	640.215906
-0.435000	-0.046200	637.549249
-0.435000	-0.043400	624.784621
-0.435000	-0.040600	593.673507
-0.435000	-0.037800	570.562392
-0.435000	-0.035000	555.451278
-0.435000	-0.032200	548.340164
-0.435000	-0.029400	506.703387
-0.435000	-0.026600	471.147844
-0.435000	-0.023800	443.592301
-0.435000	-0.021000	424.036758
-0.435000	-0.018200	412.481216
-0.435000	-0.015400	408.925673
-0.435000	-0.012600	384.012823
-0.435000	-0.009800	352.012823
-0.435000	-0.007000	328.012823
-0.435000	-0.004200	312.012823
-0.435000	-0.001400	304.012823
-0.435000	0.001400	304.012823
-0.435000	0.004200	312.012823
-0.435000	0.007000	328.012823
-0.435000	0.009800	352.012823
-0.435000	0.012600	384.012823
-0.435000	0.015400	424.012823
-0.435000	0.018200	472.012823
-0.435000	0.021000	528.012823
-0.435000	0.023800	552.004524
-0.435000	0.026600	579.560067
-0.435000	0.029400	615.115609
-0.435000	0.032200	658.671152
-0.435000	0.035000	710.226695
-0.435000	0.037800	769.782238
-0.435000	0.040600	837.337781
-0.435000	0.043400	912.893324
-0.435000	0.046200	996.448867
-0.435000	0.049000	1087.159166
-0.435000	0.051800	1142.270281
-0.435000	0.054600	1205.381395
-0.435000	0.057400	1276.492509
-0.435000	0.060200	1346.627933
-0.435000	0.063000	1389.294590
-0.435000	0.065800	1439.961247
-0.435000	0.068600	1488.940416
-0.401000	-0.068600	678.767476
-0.401000	-0.065800	664.545248
-0.401000	-0.063000	658.323019
-0.401000	-0.060200	660.100790
-0.401000	-0.057400	669.878562
-0.401000	-0.054600	657.045257
-0.401000	-0.051800	638.378600
-0.401000	-0.049000	627.711942
-0.401000	-0.046200	625.045285
-0.401000	-0.043400	630.378628
-0.401000	-0.040600	612.370569
-0.401000	-0.037800	589.259455
-0.401000	-0.035000	574.148341
-0.401000	-0.032200	567.037226
-0.401000	-0.029400	535.147834
-0.401000	-0.026600	499.592291
-0.401000	-0.023800	472.036748
-0.401000	-0.021000	452.481205
-0.401000	-0.018200	440.925663
-0.401000	-0.015400	437.370120
-0.401000	-0.012600	412.457270
-0.401000	-0.009800	380.457270
-0.401000	-0.007000	356.457270
-0.401000	-0.004200	340.457270
-0.401000	-0.001400	332.457270
-0.401000	0.001400	332.457270
-0.401000	0.004200	340.457270
-0.401000	0.007000	356.457270
-0.401000	0.009800	380.457270
-0.401000	0.012600	412.457270
-0.401000	0.015400	452.457270
-0.401000	0.018200	500.457270
-0.401000	0.021000	556.457270
-0.401000	0.023800	580.448971
-0.401000	0.026600	608.004514
-0.401000	0.029400	643.560057
-0.401000	0.032200	687.115599
-0.401000	0.035000	738.671142
-0.401000	0.037800	798.226685
-0.401000	0.040600	865.782228
-0.401000	0.043400	941.337771
-0.401000	0.046200	1024.893314
-0.401000	0.049000	1115.603613
-0.401000	0.051800	1170.714728
-0.401000	0.054600	1233.825842
-0.401000	0.057400	1304.936956
-0.401000	0.060200	1375.072380
-0.401000	0.063000	1417.739037
-0.401000	0.065800	1468.405694
-0.401000	0.068600	1517.384863
-0.367000	-0.068600	670.767476
-0.367000	-0.065800	656.545248
-0.367000	-0.063000	650.323019
-0.367000	-0.060200	652.100790
-0.367000	-0.057400	661.878562
-0.367000	-0.054600	649.045257
-0.367000	-0.051800	630.378600
-0.367000	-0.049000	619.711942
-0.367000	-0.046200	617.045285
-0.367000	-0.043400	622.378628
-0.367000	-0.040600	604.370569
-0.367000	-0.037800	581.259455
-0.367000	-0.035000	566.148341
-0.367000	-0.032200	559.037226
-0.367000	-0.029400	559.926112
-0.367000	-0.026600	532.288055
-0.367000	-0.023800	504.732512
-0.367000	-0.021000	485.176969
-0.367000	-0.018200	473.621426
-0.367000	-0.015400	470.065883
-0.367000	-0.012600	448.901717
-0.367000	-0.009800	416.901717
-0.367000	-0.007000	392.901717
-0.367000	-0.004200	376.901717
-0.367000	-0.001400	368.901717
-0.367000	0.001400	368.901717
-0.367000	0.004200	376.901717
-0.367000	0.007000	392.901717
-0.367000	0.009800	416.901717
-0.367000	0.012600	448.901717
-0.367000	0.015400	488.901717
-0.367000	0.018200	536.901717
-0.367000	0.021000	583.904474
-0.367000	0.023800	603.460017
-0.367000	0.026600	631.015560
-0.367000	0.029400	666.571103
-0.367000	0.032200	710.126646
-0.367000	0.035000	761.682189
-0.367000	0.037800	821.237731
-0.367000	0.040600	888.793274
-0.367000	0.043400	964.348817
-0.367000	0.046200	1047.904360
-0.367000	0.049000	1139.459903
-0.367000	0.051800	1207.159175
-0.367000	0.054600	1270.270289
-0.367000	0.057400	1341.381403
-0.367000	0.060200	1411.516827
-0.367000	0.063000	1454.183484
-0.367000	0.065800	1504.850141
-0.367000	0.068600	1553.829311
-0.333000	-0.068600	670.767476
-0.333000	-0.065800	656.545248
-0.333000	-0.063000	650.323019
-0.333000	-0.060200	652.100790
-0.333000	-0.057400	661.878562
-0.333000	-0.054600	649.045257
-0.333000	-0.051800	630.378600
-0.333000	-0.049000	619.711942
-0.333000	-0.046200	617.045285
-0.333000	-0.043400	622.378628
-0.333000	-0.040600	604.370569
-0.333000	-0.037800	581.259455
-0.333000	-0.035000	566.148341
-0.333000	-0.032200	559.037226
-0.333000	-0.029400	559.926112
-0.333000	-0.026600	532.288055
-0.333000	-0.023800	504.732512
-0.333000	-0.021000	485.176969
-0.333000	-0.018200	473.621426
-0.333000	-0.015400	470.065883
-0.333000	-0.012600	474.510340
-0.333000	-0.009800	447.458679
-0.333000	-0.007000	423.458679
-0.333000	-0.004200	407.458679
-0.333000	-0.001400	399.458679
-0.333000	0.001400	399.458679
-0.333000	0.004200	407.458679
-0.333000	0.007000	423.458679
-0.333000	0.009800	447.458679
-0.333000	0.012600	479.458679
-0.333000	0.015400	519.458679
-0.333000	0.018200	567.458679
-0.333000	0.021000	583.904474
-0.333000	0.023800	603.460017
-0.333000	0.026600	631.015560
-0.333000	0.029400	666.571103
-0.333000	0.032200	710.126646
-0.333000	0.035000	761.682189
-0.333000	0.037800	821.237731
-0.333000	0.040600	888.793274
-0.333000	0.043400	964.348817
-0.333000	0.046200	1047.904360
-0.333000	0.049000	1139.459903
-0.333000	0.051800	1234.177117
-0.333000	0.054600	1297.288231
-0.333000	0.057400	1368.399345
-0.333000	0.060200	1447.510459
-0.333000	0.063000	1491.159956
-0.333000	0.065800	1541.826613
-0.333000	0.068600	1596.499864
-0.299000	-0.068600	678.767476
-0.299000	-0.065800	664.545248
-0.299000	-0.063000	658.323019
-0.299000	-0.060200	660.100790
-0.299000	-0.057400	669.878562
-0.299000	-0.054600	657.045257
-0.299000	-0.051800	638.378600
-0.299000	-0.049000	627.711942
-0.299000	-0.046200	625.045285
-0.299000	-0.043400	630.378628
-0.299000	-0.040600	612.370569
-0.299000	-0.037800	589.259455
-0.299000	-0.035000	574.148341
-0.299000	-0.032200	567.037226
-0.299000	-0.029400	567.926112
-0.299000	-0.026600	540.288055
-0.299000	-0.023800	512.732512
-0.299000	-0.021000	493.176969
-0.299000	-0.018200	481.621426
-0.299000	-0.015400	478.065883
-0.299000	-0.012600	482.510340
-0.299000	-0.009800	455.458679
-0.299000	-0.007000	431.458679
-0.299000	-0.004200	415.458679
-0.299000	-0.001400	407.458679
-0.299000	0.001400	407.458679
-0.299000	0.004200	415.458679
-0.299000	0.007000	431.458679
-0.299000	0.009800	455.458679
-0.299000	0.012600	487.458679
-0.299000	0.015400	527.458679
-0.299000	0.018200	575.458679
-0.299000	0.021000	591.904474
-0.299000	0.023800	611.460017
-0.299000	0.026600	639.015560
-0.299000	0.029400	674.571103
-0.299000	0.032200	718.126646
-0.299000	0.035000	769.682189
-0.299000	0.037800	829.237731
-0.299000	0.040600	896.793274
-0.299000	0.043400	972.348817
-0.299000	0.046200	1055.904360
-0.299000	0.049000	1147.459903
-0.299000	0.051800	1242.177117
-0.299000	0.054600	1305.288231
-0.299000	0.057400	1376.399345
-0.299000	0.060200	1455.510459
-0.299000	0.063000	1499.159956
-0.299000	0.065800	1549.826613
-0.299000	0.068600	1604.499864
-0.265000	-0.068600	694.767476
-0.265000	-0.065800	680.545248
-0.265000	-0.063000	674.323019
-0.265000	-0.060200	676.100790
-0.265000	-0.057400	685.878562
-0.265000	-0.054600	673.045257
-0.265000	-0.051800	654.378600
-0.265000	-0.049000	643.711942
-0.265000	-0.046200	641.045285
-0.265000	-0.043400	646.378628
-0.265000	-0.040600	628.370569
-0.265000	-0.037800	605.259455
-0.265000	-0.035000	590.148341
-0.265000	-0.032200	583.037226
-0.265000	-0.029400	583.926112
-0.265000	-0.026600	556.288055
-0.265000	-0.023800	528.732512
-0.265000	-0.021000	509.176969
-0.265000	-0.018200	497.621426
-0.265000	-0.015400	494.065883
-0.265000	-0.012600	498.510340
-0.265000	-0.009800	471.458679
-0.265000	-0.007000	447.458679
-0.265000	-0.004200	431.458679
-0.265000	-0.001400	423.458679
-0.265000	0.001400	423.458679
-0.265000	0.004200	431.458679
-0.265000	0.007000	447.458679
-0.265000	0.009800	471.458679
-0.265000	0.012600	503.458679
-0.265000	0.015400	543.458679
-0.265000	0.018200	591.458679
-0.265000	0.021000	607.904474
-0.265000	0.023800	627.460017
-0.265000	0.026600	655.015560
-0.265000	0.029400	690.571103
-0.265000	0.032200	734.126646
-0.265000	0.035000	785.682189
-0.265000	0.037800	845.237731
-0.265000	0.040600	912.793274
-0.265000	0.043400	988.348817
-0.265000	0.046200	1071.904360
-0.265000	0.049000	1163.459903
-0.265000	0.051800	1258.177117
-0.265000	0.054600	1321.288231
-0.265000	0.057400	1392.399345
-0.265000	0.060200	1471.510459
-0.265000	0.063000	1515.159956
-0.265000	0.065800	1565.826613
-0.265000	0.068600	1620.499864
-0.231000	-0.068600	687.951847
-0.231000	-0.065800	673.729619
-0.231000	-0.063000	667.507390
-0.231000	-0.060200	669.285162
-0.231000	-0.057400	679.062933
-0.231000	-0.054600	680.563491
-0.231000	-0.051800	661.896834
-0.231000	-0.049000	651.230177
-0.231000	-0.046200	648.563520
-0.231000	-0.043400	653.896862
-0.231000	-0.040600	652.370569
-0.231000	-0.037800	629.259455
-0.231000	-0.035000	614.148341
-0.231000	-0.032200	607.037226
-0.231000	-0.029400	607.926112
-0.231000	-0.026600	580.288055
-0.231000	-0.023800	552.732512
-0.231000	-0.021000	533.176969
-0.231000	-0.018200	521.621426
-0.231000	-0.015400	518.065883
-0.231000	-0.012600	522.510340
-0.231000	-0.009800	495.458679
-0.231000	-0.007000	471.458679
-0.231000	-0.004200	455.458679
-0.231000	-0.001400	447.458679
-0.231000	0.001400	447.458679
-0.231000	0.004200	455.458679
-0.231000	0.007000	471.458679
-0.231000	0.009800	495.458679
-0.231000	0.012600	527.458679
-0.231000	0.015400	567.458679
-0.231000	0.018200	615.458679
-0.231000	0.021000	631.904474
-0.231000	0.023800	651.460017
-0.231000	0.026600	679.015560
-0.231000	0.029400	714.571103
-0.231000	0.032200	758.126646
-0.231000	0.035000	809.682189
-0.231000	0.037800	869.237731
-0.231000	0.040600	936.793274
-0.231000	0.043400	1012.348817
-0.231000	0.046200	1095.904360
-0.231000	0.049000	1187.459903
-0.231000	0.051800	1282.177117
-0.231000	0.054600	1345.288231
-0.231000	0.057400	1416.399345
-0.231000	0.060200	1495.510459
-0.231000	0.063000	1539.159956
-0.231000	0.065800	1589.826613
-0.231000	0.068600	1644.499864
-0.197000	-0.068600	675.507400
-0.197000	-0.065800	661.285172
-0.197000	-0.063000	655.062943
-0.197000	-0.060200	656.840714
-0.197000	-0.057400	666.618486
-0.197000	-0.054600	668.119044
-0.197000	-0.051800	649.452387
-0.197000	-0.049000	638.785730
-0.197000	-0.046200	636.119072
-0.197000	-0.043400	641.452415
-0.197000	-0.040600	649.103423
-0.197000	-0.037800	625.992309
-0.197000	-0.035000	610.881195
-0.197000	-0.032200	603.770080
-0.197000	-0.029400	604.658966
-0.197000	-0.026600	611.681670
-0.197000	-0.023800	584.126127
-0.197000	-0.021000	564.570584
-0.197000	-0.018200	553.015041
-0.197000	-0.015400	549.459499
-0.197000	-0.012600	553.903956
-0.197000	-0.009800	527.458679
-0.197000	-0.007000	503.458679
-0.197000	-0.004200	487.458679
-0.197000	-0.001400	479.458679
-0.197000	0.001400	479.458679
-0.197000	0.004200	487.458679
-0.197000	0.007000	503.458679
-0.197000	0.009800	527.458679
-0.197000	0.012600	559.458679
-0.197000	0.015400	599.458679
-0.197000	0.018200	647.458679
-0.197000	0.021000	663.904474
-0.197000	0.023800	683.460017
-0.197000	0.026600	711.015560
-0.197000	0.029400	746.571103
-0.197000	0.032200	790.126646
-0.197000	0.035000	841.682189
-0.197000	0.037800	901.237731
-0.197000	0.040600	968.793274
-0.197000	0.043400	1044.348817
-0.197000	0.046200	1127.904360
-0.197000	0.049000	1219.459903
-0.197000	0.051800	1314.177117
-0.197000	0.054600	1377.288231
-0.197000	0.057400	1448.399345
-0.197000	0.060200	1527.510459
-0.197000	0.063000	1571.159956
-0.197000	0.065800	1621.826613
-0.197000	0.068600	1676.499864
-0.163000	-0.068600	671.062953
-0.163000	-0.065800	656.840725
-0.163000	-0.063000	650.618496
-0.163000	-0.060200	652.396267
-0.163000	-0.057400	662.174039
-0.163000	-0.054600	663.674597
-0.163000	-0.051800	645.007940
-0.163000	-0.049000	634.341283
-0.163000	-0.046200	631.674625
-0.163000	-0.043400	637.007968
-0.163000	-0.040600	644.658976
-0.163000	-0.037800	621.547862
-0.163000	-0.035000	606.436748
-0.163000	-0.032200	599.325633
-0.163000	-0.029400	600.214519
-0.163000	-0.026600	607.237223
-0.163000	-0.023800	579.681680
-0.163000	-0.021000	560.126137
-0.163000	-0.018200	548.570594
-0.163000	-0.015400	545.015051
-0.163000	-0.012600	549.459509
-0.163000	-0.009800	561.903966
-0.163000	-0.007000	543.458679
-0.163000	-0.004200	527.458679
-0.163000	-0.001400	519.458679
-0.163000	0.001400	519.458679
-0.163000	0.004200	527.458679
-0.163000	0.007000	543.458679
-0.163000	0.009800	567.458679
-0.163000	0.012600	599.458679
-0.163000	0.015400	639.458679
-0.163000	0.018200	687.458679
-0.163000	0.021000	703.904474
-0.163000	0.023800	723.460017
-0.163000	0.026600	751.015560
-0.163000	0.029400	786.571103
-0.163000	0.032200	830.126646
-0.163000	0.035000	881.682189
-0.163000	0.037800	941.237731
-0.163000	0.040600	1008.793274
-0.163000	0.043400	1084.348817
-0.163000	0.046200	1167.904360
-0.163000	0.049000	1259.459903
-0.163000	0.051800	1354.177117
-0.163000	0.054600	1417.288231
-0.163000	0.057400	1488.399345
-0.163000	0.060200	1567.510459
-0.163000	0.063000	1611.159956
-0.163000	0.065800	1661.826613
-0.163000	0.068600	1716.499864
-0.129000	-0.068600	674.618506
-0.129000	-0.065800	660.396278
-0.129000	-0.063000	654.174049
-0.129000	-0.060200	655.951820
-0.129000	-0.057400	665.729592
-0.129000	-0.054600	667.230150
-0.129000	-0.051800	648.563493
-0.129000	-0.049000	637.896836
-0.129000	-0.046200	635.230178
-0.129000	-0.043400	640.563521
-0.129000	-0.040600	648.214529
-0.129000	-0.037800	625.103415
-0.129000	-0.035000	609.992300
-0.129000	-0.032200	602.881186
-0.129000	-0.029400	603.770072
-0.129000	-0.026600	610.792776
-0.129000	-0.023800	583.237233
-0.129000	-0.021000	563.681690
-0.129000	-0.018200	552.126147
-0.129000	-0.015400	548.570604
-0.129000	-0.012600	553.015062
-0.129000	-0.009800	565.459519
-0.129000	-0.007000	585.903976
-0.129000	-0.004200	575.458679
-0.129000	-0.001400	567.458679
-0.129000	0.001400	567.458679
-0.129000	0.004200	575.458679
-0.129000	0.007000	591.458679
-0.129000	0.009800	615.458679
-0.129000	0.012600	647.458679
-0.129000	0.015400	687.458679
-0.129000	0.018200	735.458679
-0.129000	0.021000	751.904474
-0.129000	0.023800	771.460017
-0.129000	0.026600	799.015560
-0.129000	0.029400	834.571103
-0.129000	0.032200	878.126646
-0.129000	0.035000	929.682189
-0.129000	0.037800	989.237731
-0.129000	0.040600	1056.793274
-0.129000	0.043400	1132.348817
-0.129000	0.046200	1215.904360
-0.129000	0.049000	1307.459903
-0.129000	0.051800	1402.177117
-0.129000	0.054600	1465.288231
-0.129000	0.057400	1536.399345
-0.129000	0.060200	1615.510459
-0.129000	0.063000	1659.159956
-0.129000	0.065800	1709.826613
-0.129000	0.068600	1764.499864
-0.095000	-0.068600	686.174059
-0.095000	-0.065800	671.951830
-0.095000	-0.063000	665.729602
-0.095000	-0.060200	667.507373
-0.095000	-0.057400	677.285145
-0.095000	-0.054600	678.785703
-0.095000	-0.051800	660.119046
-0.095000	-0.049000	649.452388
-0.095000	-0.046200	646.785731
-0.095000	-0.043400	652.119074
-0.095000	-0.040600	659.770082
-0.095000	-0.037800	636.658968
-0.095000	-0.035000	621.547853
-0.095000	-0.032200	614.436739
-0.095000	-0.029400	615.325625
-0.095000	-0.026600	622.348329
-0.095000	-0.023800	594.792786
-0.095000	-0.021000	575.237243
-0.095000	-0.018200	563.681700
-0.095000	-0.015400	560.126157
-0.095000	-0.012600	564.570614
-0.095000	-0.009800	577.015072
-0.095000	-0.007000	597.459529
-0.095000	-0.004200	625.903986
-0.095000	-0.001400	623.458679
-0.095000	0.001400	623.458679
-0.095000	0.004200	631.458679
-0.095000	0.007000	647.458679
-0.095000	0.009800	671.458679
-0.095000	0.012600	703.458679
-0.095000	0.015400	743.458679
-0.095000	0.018200	791.458679
-0.095000	0.021000	807.904474
-0.095000	0.023800	827.460017
-0.095000	0.026600	855.015560
-0.095000	0.029400	890.571103
-0.095000	0.032200	934.126646
-0.095000	0.035000	985.682189
-0.095000	0.037800	1045.237731
-0.095000	0.040600	1112.793274
-0.095000	0.043400	1188.348817
-0.095000	0.046200	1271.904360
-0.095000	0.049000	1363.459903
-0.095000	0.051800	1458.177117
-0.095000	0.054600	1521.288231
-0.095000	0.057400	1592.399345
-0.095000	0.060200	1671.510459
-0.095000	0.063000	1715.159956
-0.095000	0.065800	1765.826613
-0.095000	0.068600	1820.499864
-0.061000	-0.068600	705.729612
-0.061000	-0.065800	691.507383
-0.061000	-0.063000	685.285155
-0.061000	-0.060200	687.062926
-0.061000	-0.057400	696.840698
-0.061000	-0.054600	698.341256
-0.061000	-0.051800	679.674599
-0.061000	-0.049000	669.007941
-0.061000	-0.046200	666.341284
-0.061000	-0.043400	671.674627
-0.061000	-0.040600	679.325635
-0.061000	-0.037800	656.214521
-0.061000	-0.035000	641.103406
-0.061000	-0.032200	633.992292
-0.061000	-0.029400	634.881178
-0.061000	-0.026600	641.903882
-0.061000	-0.023800	614.348339
-0.061000	-0.021000	594.792796
-0.061000	-0.018200	583.237253
-0.061000	-0.015400	579.681710
-0.061000	-0.012600	584.126167
-0.061000	-0.009800	596.570625
-0.061000	-0.007000	617.015082
-0.061000	-0.004200	645.459539
-0.061000	-0.001400	681.903996
-0.061000	0.001400	687.458679
-0.061000	0.004200	695.458679
-0.061000	0.007000	711.458679
-0.061000	0.009800	735.458679
-0.061000	0.012600	767.458679
-0.061000	0.015400	807.458679
-0.061000	0.018200	855.458679
-0.061000	0.021000	871.904474
-0.061000	0.023800	891.460017
-0.061000	0.026600	919.015560
-0.061000	0.029400	954.571103
-0.061000	0.032200	998.126646
-0.061000	0.035000	1049.682189
-0.061000	0.037800	1109.237731
-0.061000	0.040600	1176.793274
-0.061000	0.043400	1252.348817
-0.061000	0.046200	1335.904360
-0.061000	0.049000	1427.459903
-0.061000	0.051800	1522.177117
-0.061000	0.054600	1585.288231
-0.061000	0.057400	1656.399345
-0.061000	0.060200	1735.510459
-0.061000	0.063000	1779.159956
-0.061000	0.065800	1829.826613
-0.061000	0.068600	1865.538205
-0.027000	-0.068600	697.266049
-0.027000	-0.065800	683.043821
-0.027000	-0.063000	676.821592
-0.027000	-0.060200	678.599364
-0.027000	-0.057400	688.377135
-0.027000	-0.054600	702.633573
-0.027000	-0.051800	683.966916
-0.027000	-0.049000	673.300259
-0.027000	-0.046200	670.633602
-0.027000	-0.043400	675.966945
-0.027000	-0.040600	689.300288
-0.027000	-0.037800	683.770074
-0.027000	-0.035000	668.658959
-0.027000	-0.032200	661.547845
-0.027000	-0.029400	662.436731
-0.027000	-0.026600	669.459435
-0.027000	-0.023800	641.903892
-0.027000	-0.021000	622.348349
-0.027000	-0.018200	610.792806
-0.027000	-0.015400	607.237263
-0.027000	-0.012600	611.681720
-0.027000	-0.009800	624.126178
-0.027000	-0.007000	644.570635
-0.027000	-0.004200	673.015092
-0.027000	-0.001400	709.459549
-0.027000	0.001400	753.904006
-0.027000	0.004200	767.458679
-0.027000	0.007000	783.458679
-0.027000	0.009800	807.458679
-0.027000	0.012600	839.458679
-0.027000	0.015400	879.458679
-0.027000	0.018200	927.458679
-0.027000	0.021000	943.904474
-0.027000	0.023800	963.460017
-0.027000	0.026600	991.015560
-0.027000	0.029400	1026.571103
-0.027000	0.032200	1070.126646
-0.027000	0.035000	1121.682189
-0.027000	0.037800	1181.237731
-0.027000	0.040600	1248.793274
-0.027000	0.043400	1324.348817
-0.027000	0.046200	1407.904360
-0.027000	0.049000	1499.459903
-0.027000	0.051800	1594.177117
-0.027000	0.054600	1657.288231
-0.027000	0.057400	1728.399345
-0.027000	0.060200	1790.882695
-0.027000	0.063000	1833.549352
-0.027000	0.065800	1878.871530
-0.027000	0.068600	1893.093758
0.007000	-0.068600	688.377160
0.007000	-0.065800	674.154931
0.007000	-0.063000	667.932703
0.007000	-0.060200	669.710474
0.007000	-0.057400	679.488246
0.007000	-0.054600	693.744684
0.007000	-0.051800	675.078027
0.007000	-0.049000	664.411370
0.007000	-0.046200	661.744712
0.007000	-0.043400	667.078055
0.007000	-0.040600	680.411398
0.007000	-0.037800	701.744741
0.007000	-0.035000	704.214512
0.007000	-0.032200	697.103398
0.007000	-0.029400	697.992284
0.007000	-0.026600	705.014988
0.007000	-0.023800	677.459445
0.007000	-0.021000	657.903902
0.007000	-0.018200	646.348359
0.007000	-0.015400	642.792816
0.007000	-0.012600	647.237273
0.007000	-0.009800	659.681730
0.007000	-0.007000	680.126188
0.007000	-0.004200	708.570645
0.007000	-0.001400	745.015102
0.007000	0.001400	789.459559
0.007000	0.004200	841.904016
0.007000	0.007000	863.458679
0.007000	0.009800	887.458679
0.007000	0.012600	919.458679
0.007000	0.015400	959.458679
0.007000	0.018200	1007.458679
0.007000	0.021000	1023.904474
0.007000	0.023800	1043.460017
0.007000	0.026600	1071.015560
0.007000	0.029400	1106.571103
0.007000	0.032200	1150.126646
0.007000	0.035000	1201.682189
0.007000	0.037800	1261.237731
0.007000	0.040600	1328.793274
0.007000	0.043400	1404.348817
0.007000	0.046200	1487.904360
0.007000	0.049000	1579.459903
0.007000	0.051800	1674.177117
0.007000	0.054600	1737.288231
0.007000	0.057400	1791.771591
0.007000	0.060200	1826.438248
0.007000	0.063000	1869.104905
0.007000	0.065800	1914.427083
0.007000	0.068600	1928.649311
0.041000	-0.068600	687.488270
0.041000	-0.065800	673.266042
0.041000	-0.063000	667.043813
0.041000	-0.060200	668.821585
0.041000	-0.057400	678.599356
0.041000	-0.054600	692.855794
0.041000	-0.051800	674.189137
0.041000	-0.049000	663.522480
0.041000	-0.046200	660.855823
0.041000	-0.043400	666.189166
0.041000	-0.040600	679.522509
0.041000	-0.037800	700.855852
0.041000	-0.035000	730.189194
0.041000	-0.032200	740.658951
0.041000	-0.029400	741.547837
0.041000	-0.026600	748.570541
0.041000	-0.023800	721.014998
0.041000	-0.021000	701.459455
0.041000	-0.018200	689.903912
0.041000	-0.015400	686.348369
0.041000	-0.012600	690.792826
0.041000	-0.009800	703.237283
0.041000	-0.007000	723.681741
0.041000	-0.004200	752.126198
0.041000	-0.001400	788.570655
0.041000	0.001400	833.015112
0.041000	0.004200	885.459569
0.041000	0.007000	932.893628
0.041000	0.009800	956.893628
0.041000	0.012600	988.893628
0.041000	0.015400	1028.893628
0.041000	0.018200	1076.893628
0.041000	0.021000	1111.904474
0.041000	0.023800	1131.460017
0.041000	0.026600	1159.015560
0.041000	0.029400	1194.571103
0.041000	0.032200	1238.126646
0.041000	0.035000	1289.682189
0.041000	0.037800	1349.237731
0.041000	0.040600	1416.793274
0.041000	0.043400	1492.348817
0.041000	0.046200	1575.904360
0.041000	0.049000	1667.459903
0.041000	0.051800	1736.084977
0.041000	0.054600	1799.196092
0.041000	0.057400	1835.327144
0.041000	0.060200	1869.993801
0.041000	0.063000	1912.660458
0.041000	0.065800	1957.982636
0.041000	0.068600	1972.204864
0.075000	-0.068600	694.599381
0.075000	-0.065800	680.377152
0.075000	-0.063000	674.154924
0.075000	-0.060200	675.932695
0.075000	-0.057400	685.710467
0.075000	-0.054600	699.966905
0.075000	-0.051800	681.300248
0.075000	-0.049000	670.633591
0.075000	-0.046200	667.966934
0.075000	-0.043400	673.300276
0.075000	-0.040600	686.633619
0.075000	-0.037800	707.966962
0.075000	-0.035000	737.300305
0.075000	-0.032200	774.633648
0.075000	-0.029400	775.944055
0.075000	-0.026600	784.832941
0.075000	-0.023800	772.570551
0.075000	-0.021000	753.015008
0.075000	-0.018200	741.459465
0.075000	-0.015400	737.903922
0.075000	-0.012600	742.348379
0.075000	-0.009800	754.792836
0.075000	-0.007000	775.237293
0.075000	-0.004200	803.681751
0.075000	-0.001400	840.126208
0.075000	0.001400	884.570665
0.075000	0.004200	937.015122
0.075000	0.007000	984.449181
0.075000	0.009800	1008.449181
0.075000	0.012600	1040.449181
0.075000	0.015400	1080.449181
0.075000	0.018200	1128.449181
0.075000	0.021000	1184.449181
0.075000	0.023800	1227.460017
0.075000	0.026600	1255.015560
0.075000	0.029400	1290.571103
0.075000	0.032200	1334.126646
0.075000	0.035000	1385.682189
0.075000	0.037800	1445.237731
0.075000	0.040600	1512.793274
0.075000	0.043400	1588.348817
0.075000	0.046200	1671.904360
0.075000	0.049000	1732.529416
0.075000	0.051800	1787.640530
0.075000	0.054600	1850.751644
0.075000	0.057400	1886.882697
0.075000	0.060200	1921.549354
0.075000	0.063000	1964.216011
0.075000	0.065800	2009.538189
0.075000	0.068600	2023.760417
0.109000	-0.068600	709.710492
0.109000	-0.065800	695.488263
0.109000	-0.063000	689.266034
0.109000	-0.060200	691.043806
0.109000	-0.057400	700.821577
0.109000	-0.054600	715.078016
0.109000	-0.051800	696.411358
0.109000	-0.049000	685.744701
0.109000	-0.046200	683.078044
0.109000	-0.043400	688.411387
0.109000	-0.040600	701.744730
0.109000	-0.037800	723.078073
0.109000	-0.035000	752.411416
0.109000	-0.032200	789.744758
0.109000	-0.029400	791.055166
0.109000	-0.026600	799.944052
0.109000	-0.023800	816.832937
0.109000	-0.021000	812.570561
0.109000	-0.018200	801.015018
0.109000	-0.015400	797.459475
0.109000	-0.012600	801.903932
0.109000	-0.009800	814.348389
0.109000	-0.007000	834.792846
0.109000	-0.004200	863.237304
0.109000	-0.001400	899.681761
0.109000	0.001400	944.126218
0.109000	0.004200	996.570675
0.109000	0.007000	1044.004734
0.109000	0.009800	1068.004734
0.109000	0.012600	1100.004734
0.109000	0.015400	1140.004734
0.109000	0.018200	1188.004734
0.109000	0.021000	1244.004734
0.109000	0.023800	1308.004734
0.109000	0.026600	1346.513391
0.109000	0.029400	1382.068933
0.109000	0.032200	1425.624476
0.109000	0.035000	1477.180019
0.109000	0.037800	1536.735562
0.109000	0.040600	1604.291105
0.109000	0.043400	1679.846648
0.109000	0.046200	1744.973855
0.109000	0.049000	1792.084969
0.109000	0.051800	1847.196083
0.109000	0.054600	1910.307197
0.109000	0.057400	1946.438250
0.109000	0.060200	1981.104907
0.109000	0.063000	2023.771564
0.109000	0.065800	2069.093742
0.109000	0.068600	2083.315970
0.143000	-0.068600	703.533989
0.143000	-0.065800	689.311761
0.143000	-0.063000	683.089532
0.143000	-0.060200	684.867303
0.143000	-0.057400	694.645075
0.143000	-0.054600	712.422846
0.143000	-0.051800	699.160496
0.143000	-0.049000	688.493839
0.143000	-0.046200	685.827182
0.143000	-0.043400	691.160524
0.143000	-0.040600	704.493867
0.143000	-0.037800	725.827210
0.143000	-0.035000	755.160553
0.143000	-0.032200	792.493896
0.143000	-0.029400	814.166276
0.143000	-0.026600	823.055162
0.143000	-0.023800	839.944048
0.143000	-0.021000	864.832934
0.143000	-0.018200	868.570571
0.143000	-0.015400	865.015028
0.143000	-0.012600	869.459485
0.143000	-0.009800	881.903942
0.143000	-0.007000	902.348399
0.143000	-0.004200	930.792856
0.143000	-0.001400	967.237314
0.143000	0.001400	1011.681771
0.143000	0.004200	1064.126228
0.143000	0.007000	1111.560286
0.143000	0.009800	1135.560286
0.143000	0.012600	1167.560286
0.143000	0.015400	1207.560286
0.143000	0.018200	1255.560286
0.143000	0.021000	1311.560286
0.143000	0.023800	1375.560286
0.143000	0.026600	1414.068944
0.143000	0.029400	1449.624486
0.143000	0.032200	1493.180029
0.143000	0.035000	1544.735572
0.143000	0.037800	1604.291115
0.143000	0.040600	1671.846658
0.143000	0.043400	1747.402201
0.143000	0.046200	1812.529407
0.143000	0.049000	1859.640522
0.143000	0.051800	1914.751636
0.143000	0.054600	1977.862750
0.143000	0.057400	2013.993803
0.143000	0.060200	2048.660460
0.143000	0.063000	2091.327117
0.143000	0.065800	2125.015139
0.143000	0.068600	2139.237367
0.177000	-0.068600	690.200648
0.177000	-0.065800	675.978419
0.177000	-0.063000	669.756191
0.177000	-0.060200	671.533962
0.177000	-0.057400	681.311734
0.177000	-0.054600	699.089505
0.177000	-0.051800	685.827155
0.177000	-0.049000	675.160497
0.177000	-0.046200	672.493840
0.177000	-0.043400	677.827183
0.177000	-0.040600	691.160526
0.177000	-0.037800	712.493869
0.177000	-0.035000	741.827212
0.177000	-0.032200	779.160555
0.177000	-0.029400	824.493897
0.177000	-0.026600	854.166273
0.177000	-0.023800	871.055158
0.177000	-0.021000	895.944044
0.177000	-0.018200	928.832930
0.177000	-0.015400	940.570581
0.177000	-0.012600	945.015038
0.177000	-0.009800	957.459495
0.177000	-0.007000	977.903952
0.177000	-0.004200	1006.348409
0.177000	-0.001400	1042.792867
0.177000	0.001400	1087.237324
0.177000	0.004200	1139.681781
0.177000	0.007000	1187.115839
0.177000	0.009800	1211.115839
0.177000	0.012600	1243.115839
0.177000	0.015400	1283.115839
0.177000	0.018200	1331.115839
0.177000	0.021000	1387.115839
0.177000	0.023800	1451.115839
0.177000	0.026600	1489.624496
0.177000	0.029400	1525.180039
0.177000	0.032200	1568.735582
0.177000	0.035000	1620.291125
0.177000	0.037800	1679.846668
0.177000	0.040600	1747.402211
0.177000	0.043400	1822.957754
0.177000	0.046200	1888.084960
0.177000	0.049000	1935.196075
0.177000	0.051800	1990.307189
0.177000	0.054600	2053.418303
0.177000	0.057400	2089.549356
0.177000	0.060200	2124.216013
0.177000	0.063000	2149.904021
0.177000	0.065800	2156.126249
0.177000	0.068600	2170.348478
0.211000	-0.068600	684.867307
0.211000	-0.065800	670.645078
0.211000	-0.063000	664.422850
0.211000	-0.060200	666.200621
0.211000	-0.057400	675.978392
0.211000	-0.054600	693.756164
0.211000	-0.051800	680.493813
0.211000	-0.049000	669.827156
0.211000	-0.046200	667.160499
0.211000	-0.043400	672.493842
0.211000	-0.040600	685.827185
0.211000	-0.037800	707.160528
0.211000	-0.035000	736.493871
0.211000	-0.032200	773.827213
0.211000	-0.029400	819.160556
0.211000	-0.026600	872.493899
0.211000	-0.023800	910.166269
0.211000	-0.021000	935.055155
0.211000	-0.018200	967.944040
0.211000	-0.015400	1008.832926
0.211000	-0.012600	1028.570591
0.211000	-0.009800	1041.015048
0.211000	-0.007000	1061.459505
0.211000	-0.004200	1089.903962
0.211000	-0.001400	1126.348420
0.211000	0.001400	1170.792877
0.211000	0.004200	1223.237334
0.211000	0.007000	1270.671392
0.211000	0.009800	1294.671392
0.211000	0.012600	1326.671392
0.211000	0.015400	1366.671392
0.211000	0.018200	1414.671392
0.211000	0.021000	1470.671392
0.211000	0.023800	1534.671392
0.211000	0.026600	1573.180049
0.211000	0.029400	1608.735592
0.211000	0.032200	1652.291135
0.211000	0.035000	1703.846678
0.211000	0.037800	1763.402221
0.211000	0.040600	1830.957764
0.211000	0.043400	1906.513307
0.211000	0.046200	1971.640513
0.211000	0.049000	2018.751628
0.211000	0.051800	2073.862742
0.211000	0.054600	2103.693974
0.211000	0.057400	2130.360631
0.211000	0.060200	2165.027288
0.211000	0.063000	2189.015131
0.211000	0.065800	2195.237360
0.211000	0.068600	2209.459588
0.245000	-0.068600	687.533966
0.245000	-0.065800	673.311737
0.245000	-0.063000	667.089508
0.245000	-0.060200	668.867280
0.245000	-0.057400	678.645051
0.245000	-0.054600	696.422823
0.245000	-0.051800	683.160472
0.245000	-0.049000	672.493815
0.245000	-0.046200	669.827158
0.245000	-0.043400	675.160501
0.245000	-0.040600	688.493844
0.245000	-0.037800	709.827187
0.245000	-0.035000	739.160529
0.245000	-0.032200	776.493872
0.245000	-0.029400	821.827215
0.245000	-0.026600	875.160558
0.245000	-0.023800	936.493901
0.245000	-0.021000	982.166265
0.245000	-0.018200	1015.055151
0.245000	-0.015400	1055.944037
0.245000	-0.012600	1104.832922
0.245000	-0.009800	1132.570601
0.245000	-0.007000	1153.015058
0.245000	-0.004200	1181.459515
0.245000	-0.001400	1217.903972
0.245000	0.001400	1262.348430
0.245000	0.004200	1314.792887
0.245000	0.007000	1362.226945
0.245000	0.009800	1386.226945
0.245000	0.012600	1418.226945
0.245000	0.015400	1458.226945
0.245000	0.018200	1506.226945
0.245000	0.021000	1562.226945
0.245000	0.023800	1626.226945
0.245000	0.026600	1664.735602
0.245000	0.029400	1700.291145
0.245000	0.032200	1743.846688
0.245000	0.035000	1795.402231
0.245000	0.037800	1854.957774
0.245000	0.040600	1922.513317
0.245000	0.043400	1998.068860
0.245000	0.046200	2063.196066
0.245000	0.049000	2110.307181
0.245000	0.051800	2132.138428
0.245000	0.054600	2150.805085
0.245000	0.057400	2177.471742
0.245000	0.060200	2212.138399
0.245000	0.063000	2236.126242
0.245000	0.065800	2242.348470
0.245000	0.068600	2256.570699
0.279000	-0.068600	698.200624
0.279000	-0.065800	683.978396
0.279000	-0.063000	677.756167
0.279000	-0.060200	679.533939
0.279000	-0.057400	689.311710
0.279000	-0.054600	707.089482
0.279000	-0.051800	693.827131
0.279000	-0.049000	683.160474
0.279000	-0.046200	680.493817
0.279000	-0.043400	685.827160
0.279000	-0.040600	699.160503
0.279000	-0.037800	720.493845
0.279000	-0.035000	749.827188
0.279000	-0.032200	787.160531
0.279000	-0.029400	832.493874
0.279000	-0.026600	885.827217
0.279000	-0.023800	947.160560
0.279000	-0.021000	1016.493903
0.279000	-0.018200	1070.166262
0.279000	-0.015400	1111.055147
0.279000	-0.012600	1159.944033
0.279000	-0.009800	1216.832919
0.279000	-0.007000	1252.570611
0.279000	-0.004200	1281.015068
0.279000	-0.001400	1317.459525
0.279000	0.001400	1361.903983
0.279000	0.004200	1414.348440
0.279000	0.007000	1461.782498
0.279000	0.009800	1485.782498
0.279000	0.012600	1517.782498
0.279000	0.015400	1557.782498
0.279000	0.018200	1605.782498
0.279000	0.021000	1661.782498
0.279000	0.023800	1725.782498
0.279000	0.026600	1764.291155
0.279000	0.029400	1799.846698
0.279000	0.032200	1843.402241
0.279000	0.035000	1894.957784
0.279000	0.037800	1954.513327
0.279000	0.040600	2022.068870
0.279000	0.043400	2089.276488
0.279000	0.046200	2128.387603
0.279000	0.049000	2175.498717
0.279000	0.051800	2187.249538
0.279000	0.054600	2205.916195
0.279000	0.057400	2232.582852
0.279000	0.060200	2267.249510
0.279000	0.063000	2291.237352
0.279000	0.065800	2297.459581
0.279000	0.068600	2311.681810
0.313000	-0.068600	716.867283
0.313000	-0.065800	702.645055
0.313000	-0.063000	696.422826
0.313000	-0.060200	698.200598
0.313000	-0.057400	707.978369
0.313000	-0.054600	725.756140
0.313000	-0.051800	712.493790
0.313000	-0.049000	701.827133
0.313000	-0.046200	699.160476
0.313000	-0.043400	704.493819
0.313000	-0.040600	717.827161
0.313000	-0.037800	739.160504
0.313000	-0.035000	768.493847
0.313000	-0.032200	805.827190
0.313000	-0.029400	851.160533
0.313000	-0.026600	904.493876
0.313000	-0.023800	965.827219
0.313000	-0.021000	1035.160561
0.313000	-0.018200	1112.493904
0.313000	-0.015400	1174.166258
0.313000	-0.012600	1223.055144
0.313000	-0.009800	1279.944029
0.313000	-0.007000	1344.832915
0.313000	-0.004200	1388.570621
0.313000	-0.001400	1425.015078
0.313000	0.001400	1469.459535
0.313000	0.004200	1521.903993
0.313000	0.007000	1569.338051
0.313000	0.009800	1593.338051
0.313000	0.012600	1625.338051
0.313000	0.015400	1665.338051
0.313000	0.018200	1713.338051
0.313000	0.021000	1769.338051
0.313000	0.023800	1833.338051
0.313000	0.026600	1871.846708
0.313000	0.029400	1907.402251
0.313000	0.032200	1950.957794
0.313000	0.035000	2002.513337
0.313000	0.037800	2062.068880
0.313000	0.040600	2121.276485
0.313000	0.043400	2152.387599
0.313000	0.046200	2191.498713
0.313000	0.049000	2238.609827
0.313000	0.051800	2250.360649
0.313000	0.054600	2269.027306
0.313000	0.057400	2295.693963
0.313000	0.060200	2330.360620
0.313000	0.063000	2354.348463
0.313000	0.065800	2360.570692
0.313000	0.068600	2374.792920
0.347000	-0.068600	700.692963
0.347000	-0.065800	686.470734
0.347000	-0.063000	680.248506
0.347000	-0.060200	682.026277
0.347000	-0.057400	691.804049
0.347000	-0.054600	709.581820
0.347000	-0.051800	735.359591
0.347000	-0.049000	728.493792
0.347000	-0.046200	725.827134
0.347000	-0.043400	731.160477
0.347000	-0.040600	744.493820
0.347000	-0.037800	765.827163
0.347000	-0.035000	795.160506
0.347000	-0.032200	832.493849
0.347000	-0.029400	877.827192
0.347000	-0.026600	931.160534
0.347000	-0.023800	992.493877
0.347000	-0.021000	1061.827220
0.347000	-0.018200	1139.160563
0.347000	-0.015400	1224.493906
0.347000	-0.012600	1294.166254
0.347000	-0.009800	1351.055140
0.347000	-0.007000	1415.944026
0.347000	-0.004200	1488.832911
0.347000	-0.001400	1540.570631
0.347000	0.001400	1585.015088
0.347000	0.004200	1637.459546
0.347000	0.007000	1684.893604
0.347000	0.009800	1708.893604
0.347000	0.012600	1740.893604
0.347000	0.015400	1780.893604
0.347000	0.018200	1828.893604
0.347000	0.021000	1884.893604
0.347000	0.023800	1948.893604
0.347000	0.026600	1983.695968
0.347000	0.029400	2019.251511
0.347000	0.032200	2062.807054
0.347000	0.035000	2114.362597
0.347000	0.037800	2169.276481
0.347000	0.040600	2192.387595
0.347000	0.043400	2223.498709
0.347000	0.046200	2262.609824
0.347000	0.049000	2309.720938
0.347000	0.051800	2321.471759
0.347000	0.054600	2340.138416
0.347000	0.057400	2366.805074
0.347000	0.060200	2401.471731
0.347000	0.063000	2416.949685
0.347000	0.065800	2423.171914
0.347000	0.068600	2437.394143
0.381000	-0.068600	690.915175
0.381000	-0.065800	676.692946
0.381000	-0.063000	670.470718
0.381000	-0.060200	672.248489
0.381000	-0.057400	682.026260
0.381000	-0.054600	699.804032
0.381000	-0.051800	725.581803
0.381000	-0.049000	739.499404
0.381000	-0.046200	736.832747
0.381000	-0.043400	742.166090
0.381000	-0.040600	755.499433
0.381000	-0.037800	776.832776
0.381000	-0.035000	806.166118
0.381000	-0.032200	843.499461
0.381000	-0.029400	888.832804
0.381000	-0.026600	942.166147
0.381000	-0.023800	1003.499490
0.381000	-0.021000	1072.832833
0.381000	-0.018200	1150.166176
0.381000	-0.015400	1235.499518
0.381000	-0.012600	1328.832861
0.381000	-0.009800	1430.166204
0.381000	-0.007000	1495.055136
0.381000	-0.004200	1567.944022
0.381000	-0.001400	1648.832908
0.381000	0.001400	1708.570641
0.381000	0.004200	1761.015099
0.381000	0.007000	1808.449157
0.381000	0.009800	1832.449157
0.381000	0.012600	1864.449157
0.381000	0.015400	1904.449157
0.381000	0.018200	1952.449157
0.381000	0.021000	2008.449157
0.381000	0.023800	2035.251536
0.381000	0.026600	2062.807079
0.381000	0.029400	2098.362622
0.381000	0.032200	2141.918165
0.381000	0.035000	2193.473708
0.381000	0.037800	2248.387591
0.381000	0.040600	2271.498706
0.381000	0.043400	2302.609820
0.381000	0.046200	2341.720934
0.381000	0.049000	2388.832049
0.381000	0.051800	2400.582870
0.381000	0.054600	2419.249527
0.381000	0.057400	2445.916184
0.381000	0.060200	2453.394116
0.381000	0.063000	2451.616344
0.381000	0.065800	2457.838573
0.381000	0.068600	2472.060801
0.415000	-0.068600	689.137386
0.415000	-0.065800	674.915158
0.415000	-0.063000	668.692929
0.415000	-0.060200	670.470701
0.415000	-0.057400	680.248472
0.415000	-0.054600	698.026244
0.415000	-0.051800	723.804015
0.415000	-0.049000	737.721616
0.415000	-0.046200	735.054959
0.415000	-0.043400	740.388302
0.415000	-0.040600	753.721644
0.415000	-0.037800	775.054987
0.415000	-0.035000	804.388330
0.415000	-0.032200	841.721673
0.415000	-0.029400	887.055016
0.415000	-0.026600	940.388359
0.415000	-0.023800	1001.721702
0.415000	-0.021000	1071.055044
0.415000	-0.018200	1148.388387
0.415000	-0.015400	1233.721730
0.415000	-0.012600	1327.055073
0.415000	-0.009800	1428.388416
0.415000	-0.007000	1537.721759
0.415000	-0.004200	1655.055102
0.415000	-0.001400	1735.944018
0.415000	0.001400	1824.832904
0.415000	0.004200	1892.570651
0.415000	0.007000	1940.004710
0.415000	0.009800	1964.004710
0.415000	0.012600	1996.004710
0.415000	0.015400	2036.004710
0.415000	0.018200	2084.004710
0.415000	0.021000	2102.807104
0.415000	0.023800	2122.362647
0.415000	0.026600	2149.918190
0.415000	0.029400	2185.473733
0.415000	0.032200	2229.029275
0.415000	0.035000	2280.584818
0.415000	0.037800	2335.498702
0.415000	0.040600	2358.609816
0.415000	0.043400	2389.720931
0.415000	0.046200	2428.832045
0.415000	0.049000	2452.725362
0.415000	0.051800	2463.392019
0.415000	0.054600	2482.058676
0.415000	0.057400	2505.838546
0.415000	0.060200	2496.060775
0.415000	0.063000	2494.283003
0.415000	0.065800	2500.505232
0.415000	0.068600	2514.727460
0.449000	-0.068600	695.359598
0.449000	-0.065800	681.137370
0.449000	-0.063000	674.915141
0.449000	-0.060200	676.692912
0.449000	-0.057400	686.470684
0.449000	-0.054600	704.248455
0.449000	-0.051800	730.026227
0.449000	-0.049000	743.943828
0.449000	-0.046200	741.277171
0.449000	-0.043400	746.610513
0.449000	-0.040600	759.943856
0.449000	-0.037800	781.277199
0.449000	-0.035000	810.610542
0.449000	-0.032200	847.943885
0.449000	-0.029400	893.277228
0.449000	-0.026600	946.610571
0.449000	-0.023800	1007.943913
0.449000	-0.021000	1077.277256
0.449000	-0.018200	1154.610599
0.449000	-0.015400	1239.943942
0.449000	-0.012600	1333.277285
0.449000	-0.009800	1434.610628
0.449000	-0.007000	1543.943971
0.449000	-0.004200	1661.277313
0.449000	-0.001400	1786.610656
0.449000	0.001400	1919.943999
0.449000	0.004200	2016.832900
0.449000	0.007000	2079.560263
0.449000	0.009800	2103.560263
0.449000	0.012600	2135.560263
0.449000	0.015400	2175.560263
0.449000	0.018200	2186.362672
0.449000	0.021000	2197.918215
0.449000	0.023800	2217.473757
0.449000	0.026600	2245.029300
0.449000	0.029400	2280.584843
0.449000	0.032200	2324.140386
0.449000	0.035000	2375.695929
0.449000	0.037800	2430.609813
0.449000	0.040600	2453.720927
0.449000	0.043400	2484.832041
0.449000	0.046200	2500.725364
0.449000	0.049000	2503.392021
0.449000	0.051800	2514.058678
0.449000	0.054600	2532.725335
0.449000	0.057400	2556.505205
0.449000	0.060200	2546.727433
0.449000	0.063000	2544.949662
0.449000	0.065800	2551.171891
0.449000	0.068600	2565.394119
0.483000	-0.068600	709.581810
0.483000	-0.065800	695.359581
0.483000	-0.063000	689.137353
0.483000	-0.060200	690.915124
0.483000	-0.057400	700.692896
0.483000	-0.054600	718.470667
0.483000	-0.051800	744.248439
0.483000	-0.049000	758.166039
0.483000	-0.046200	755.499382
0.483000	-0.043400	760.832725
0.483000	-0.040600	774.166068
0.483000	-0.037800	795.499411
0.483000	-0.035000	824.832754
0.483000	-0.032200	862.166097
0.483000	-0.029400	907.499439
0.483000	-0.026600	960.832782
0.483000	-0.023800	1022.166125
0.483000	-0.021000	1091.499468
0.483000	-0.018200	1168.832811
0.483000	-0.015400	1254.166154
0.483000	-0.012600	1347.499497
0.483000	-0.009800	1448.832839
0.483000	-0.007000	1558.166182
0.483000	-0.004200	1675.499525
0.483000	-0.001400	1800.832868
0.483000	0.001400	1934.166211
0.483000	0.004200	2075.499554
0.483000	0.007000	2224.832897
0.483000	0.009800	2251.115816
0.483000	0.012600	2283.115816
0.483000	0.015400	2285.918239
0.483000	0.018200	2289.473782
0.483000	0.021000	2301.029325
0.483000	0.023800	2320.584868
0.483000	0.026600	2348.140411
0.483000	0.029400	2383.695954
0.483000	0.032200	2422.609796
0.483000	0.035000	2429.720910
0.483000	0.037800	2444.832024
0.483000	0.040600	2467.943139
0.483000	0.043400	2499.054253
0.483000	0.046200	2514.947575
0.483000	0.049000	2517.614233
0.483000	0.051800	2528.280890
0.483000	0.054600	2546.947547
0.483000	0.057400	2570.727417
0.483000	0.060200	2560.949645
0.483000	0.063000	2559.171874
0.483000	0.065800	2565.394102
0.483000	0.068600	2579.616331
