-1.183000	-0.068600	660.788035
-1.183000	-0.065800	650.606207
-1.183000	-0.063000	648.424378
-1.183000	-0.060200	654.242550
-1.183000	-0.057400	662.969835
-1.183000	-0.054600	648.424378
-1.183000	-0.051800	641.878921
-1.183000	-0.049000	643.333464
-1.183000	-0.046200	652.788007
-1.183000	-0.043400	652.060667
-1.183000	-0.040600	641.151582
-1.183000	-0.037800	638.242496
-1.183000	-0.035000	643.333410
-1.183000	-0.032200	656.424325
-1.183000	-0.029400	645.515210
-1.183000	-0.026600	638.242496
-1.183000	-0.023800	638.969782
-1.183000	-0.021000	638.242496
-1.183000	-0.018200	618.606125
-1.183000	-0.015400	606.969753
-1.183000	-0.012600	603.333382
-1.183000	-0.009800	607.697010
-1.183000	-0.007000	620.060639
-1.183000	-0.004200	640.424267
-1.183000	-0.001400	664.743255
-1.183000	0.001400	664.743255
-1.183000	0.004200	672.743255
-1.183000	0.007000	688.743255
-1.183000	0.009800	712.743255
-1.183000	0.012600	744.743255
-1.183000	0.015400	751.795577
-1.183000	0.018200	763.431949
-1.183000	0.021000	783.068320
-1.183000	0.023800	810.704692
-1.183000	0.026600	846.341063
-1.183000	0.029400	854.996646
-1.183000	0.032200	870.269360
-1.183000	0.035000	893.542075
-1.183000	0.037800	924.814789
-1.183000	0.040600	935.695898
-1.183000	0.043400	946.604984
-1.183000	0.046200	965.514070
-1.183000	0.049000	992.423156
-1.183000	0.051800	992.738569
-1.183000	0.054600	999.284026
-1.183000	0.057400	1013.829483
-1.183000	0.060200	1026.814225
-1.183000	0.063000	1020.996054
-1.183000	0.065800	1023.177882
-1.183000	0.068600	1033.359711
-1.149000	-0.068600	650.606153
-1.149000	-0.065800	640.424325
-1.149000	-0.063000	638.242496
-1.149000	-0.060200	644.060667
-1.149000	-0.057400	652.787953
-1.149000	-0.054600	638.242496
-1.149000	-0.051800	631.697039
-1.149000	-0.049000	633.151582
-1.149000	-0.046200	642.606125
-1.149000	-0.043400	641.878785
-1.149000	-0.040600	630.969699
-1.149000	-0.037800	628.060614
-1.149000	-0.035000	633.151528
-1.149000	-0.032200	646.242442
-1.149000	-0.029400	635.333328
-1.149000	-0.026600	628.060614
-1.149000	-0.023800	628.787899
-1.149000	-0.021000	628.060614
-1.149000	-0.018200	608.424242
-1.149000	-0.015400	596.787871
-1.149000	-0.012600	593.151499
-1.149000	-0.009800	597.515128
-1.149000	-0.007000	609.878756
-1.149000	-0.004200	630.242385
-1.149000	-0.001400	654.561373
-1.149000	0.001400	654.561373
-1.149000	0.004200	662.561373
-1.149000	0.007000	678.561373
-1.149000	0.009800	702.561373
-1.149000	0.012600	734.561373
-1.149000	0.015400	741.613695
-1.149000	0.018200	753.250067
-1.149000	0.021000	772.886438
-1.149000	0.023800	800.522809
-1.149000	0.026600	836.159181
-1.149000	0.029400	844.814764
-1.149000	0.032200	860.087478
-1.149000	0.035000	883.360192
-1.149000	0.037800	914.632906
-1.149000	0.040600	925.514016
-1.149000	0.043400	936.423102
-1.149000	0.046200	955.332187
-1.149000	0.049000	982.241273
-1.149000	0.051800	982.556686
-1.149000	0.054600	989.102143
-1.149000	0.057400	1003.647600
-1.149000	0.060200	1016.632343
-1.149000	0.063000	1010.814171
-1.149000	0.065800	1012.996000
-1.149000	0.068600	1023.177829
-1.115000	-0.068600	648.424271
-1.115000	-0.065800	638.242442
-1.115000	-0.063000	636.060614
-1.115000	-0.060200	641.878785
-1.115000	-0.057400	650.606071
-1.115000	-0.054600	636.060614
-1.115000	-0.051800	629.515156
-1.115000	-0.049000	630.969699
-1.115000	-0.046200	640.424242
-1.115000	-0.043400	639.696903
-1.115000	-0.040600	628.787817
-1.115000	-0.037800	625.878731
-1.115000	-0.035000	630.969646
-1.115000	-0.032200	615.558287
-1.115000	-0.029400	600.285573
-1.115000	-0.026600	593.012859
-1.115000	-0.023800	593.740145
-1.115000	-0.021000	602.467430
-1.115000	-0.018200	606.242360
-1.115000	-0.015400	594.605988
-1.115000	-0.012600	590.969617
-1.115000	-0.009800	595.333246
-1.115000	-0.007000	607.696874
-1.115000	-0.004200	628.060503
-1.115000	-0.001400	652.379490
-1.115000	0.001400	652.379490
-1.115000	0.004200	660.379490
-1.115000	0.007000	676.379490
-1.115000	0.009800	700.379490
-1.115000	0.012600	732.379490
-1.115000	0.015400	739.431813
-1.115000	0.018200	751.068184
-1.115000	0.021000	770.704556
-1.115000	0.023800	798.340927
-1.115000	0.026600	833.977298
-1.115000	0.029400	842.632881
-1.115000	0.032200	857.905596
-1.115000	0.035000	881.178310
-1.115000	0.037800	912.451024
-1.115000	0.040600	923.332134
-1.115000	0.043400	934.241219
-1.115000	0.046200	953.150305
-1.115000	0.049000	980.059391
-1.115000	0.051800	980.374804
-1.115000	0.054600	986.920261
-1.115000	0.057400	1001.465718
-1.115000	0.060200	1014.450460
-1.115000	0.063000	1008.632289
-1.115000	0.065800	1010.814118
-1.115000	0.068600	1020.995946
-1.081000	-0.068600	654.242388
-1.081000	-0.065800	644.060560
-1.081000	-0.063000	641.878731
-1.081000	-0.060200	647.696903
-1.081000	-0.057400	651.870724
-1.081000	-0.054600	637.325267
-1.081000	-0.051800	630.779810
-1.081000	-0.049000	632.234353
-1.081000	-0.046200	633.789447
-1.081000	-0.043400	614.880361
-1.081000	-0.040600	603.971275
-1.081000	-0.037800	601.062189
-1.081000	-0.035000	606.153104
-1.081000	-0.032200	585.012829
-1.081000	-0.029400	569.740114
-1.081000	-0.026600	562.467400
-1.081000	-0.023800	563.194686
-1.081000	-0.021000	571.921971
-1.081000	-0.018200	588.649257
-1.081000	-0.015400	579.047676
-1.081000	-0.012600	575.411305
-1.081000	-0.009800	579.774933
-1.081000	-0.007000	592.138562
-1.081000	-0.004200	612.502190
-1.081000	-0.001400	640.865819
-1.081000	0.001400	643.304557
-1.081000	0.004200	651.304557
-1.081000	0.007000	667.304557
-1.081000	0.009800	691.304557
-1.081000	0.012600	723.304557
-1.081000	0.015400	732.731908
-1.081000	0.018200	744.368280
-1.081000	0.021000	764.004651
-1.081000	0.023800	791.641022
-1.081000	0.026600	827.277394
-1.081000	0.029400	848.450999
-1.081000	0.032200	863.723713
-1.081000	0.035000	886.996427
-1.081000	0.037800	918.269142
-1.081000	0.040600	929.150251
-1.081000	0.043400	940.059337
-1.081000	0.046200	958.968423
-1.081000	0.049000	985.877508
-1.081000	0.051800	986.192921
-1.081000	0.054600	992.738379
-1.081000	0.057400	1007.283836
-1.081000	0.060200	1020.268578
-1.081000	0.063000	1014.450407
-1.081000	0.065800	1016.632235
-1.081000	0.068600	1026.814064
-1.047000	-0.068600	647.302837
-1.047000	-0.065800	637.121009
-1.047000	-0.063000	634.939180
-1.047000	-0.060200	640.757352
-1.047000	-0.057400	629.325266
-1.047000	-0.054600	614.779809
-1.047000	-0.051800	608.234351
-1.047000	-0.049000	609.688894
-1.047000	-0.046200	611.243988
-1.047000	-0.043400	592.334902
-1.047000	-0.040600	581.425816
-1.047000	-0.037800	578.516731
-1.047000	-0.035000	583.607645
-1.047000	-0.032200	562.467370
-1.047000	-0.029400	547.194655
-1.047000	-0.026600	539.921941
-1.047000	-0.023800	540.649227
-1.047000	-0.021000	549.376513
-1.047000	-0.018200	566.103798
-1.047000	-0.015400	556.502217
-1.047000	-0.012600	552.865846
-1.047000	-0.009800	557.229474
-1.047000	-0.007000	569.593103
-1.047000	-0.004200	589.956731
-1.047000	-0.001400	618.320360
-1.047000	0.001400	620.759098
-1.047000	0.004200	628.759098
-1.047000	0.007000	644.759098
-1.047000	0.009800	668.759098
-1.047000	0.012600	700.759098
-1.047000	0.015400	710.186449
-1.047000	0.018200	721.822821
-1.047000	0.021000	741.459192
-1.047000	0.023800	769.095564
-1.047000	0.026600	804.731935
-1.047000	0.029400	842.105859
-1.047000	0.032200	857.378573
-1.047000	0.035000	880.651288
-1.047000	0.037800	911.924002
-1.047000	0.040600	942.968369
-1.047000	0.043400	953.877455
-1.047000	0.046200	972.786540
-1.047000	0.049000	999.695626
-1.047000	0.051800	1000.011039
-1.047000	0.054600	1006.556496
-1.047000	0.057400	1021.101953
-1.047000	0.060200	1034.086696
-1.047000	0.063000	1028.268524
-1.047000	0.065800	1030.450353
-1.047000	0.068600	1040.632181
-1.013000	-0.068600	632.757378
-1.013000	-0.065800	622.575550
-1.013000	-0.063000	620.393721
-1.013000	-0.060200	626.211893
-1.013000	-0.057400	614.779807
-1.013000	-0.054600	600.234350
-1.013000	-0.051800	593.688893
-1.013000	-0.049000	595.143435
-1.013000	-0.046200	596.698529
-1.013000	-0.043400	577.789443
-1.013000	-0.040600	566.880357
-1.013000	-0.037800	563.971272
-1.013000	-0.035000	569.062186
-1.013000	-0.032200	547.921911
-1.013000	-0.029400	532.649197
-1.013000	-0.026600	525.376482
-1.013000	-0.023800	526.103768
-1.013000	-0.021000	534.831054
-1.013000	-0.018200	551.558340
-1.013000	-0.015400	541.956758
-1.013000	-0.012600	538.320387
-1.013000	-0.009800	542.684015
-1.013000	-0.007000	555.047644
-1.013000	-0.004200	575.411273
-1.013000	-0.001400	603.774901
-1.013000	0.001400	606.213640
-1.013000	0.004200	614.213640
-1.013000	0.007000	630.213640
-1.013000	0.009800	654.213640
-1.013000	0.012600	686.213640
-1.013000	0.015400	695.640990
-1.013000	0.018200	707.277362
-1.013000	0.021000	726.913733
-1.013000	0.023800	754.550105
-1.013000	0.026600	790.186476
-1.013000	0.029400	827.560400
-1.013000	0.032200	842.833115
-1.013000	0.035000	866.105829
-1.013000	0.037800	897.378543
-1.013000	0.040600	936.651257
-1.013000	0.043400	959.178895
-1.013000	0.046200	978.087981
-1.013000	0.049000	1004.997067
-1.013000	0.051800	1021.829157
-1.013000	0.054600	1028.374614
-1.013000	0.057400	1042.920071
-1.013000	0.060200	1055.904813
-1.013000	0.063000	1050.086642
-1.013000	0.065800	1052.268471
-1.013000	0.068600	1062.450299
-0.979000	-0.068600	626.211920
-0.979000	-0.065800	616.030091
-0.979000	-0.063000	613.848263
-0.979000	-0.060200	619.666434
-0.979000	-0.057400	608.234348
-0.979000	-0.054600	593.688891
-0.979000	-0.051800	587.143434
-0.979000	-0.049000	588.597977
-0.979000	-0.046200	590.153070
-0.979000	-0.043400	571.243984
-0.979000	-0.040600	560.334899
-0.979000	-0.037800	557.425813
-0.979000	-0.035000	562.516727
-0.979000	-0.032200	541.376452
-0.979000	-0.029400	526.103738
-0.979000	-0.026600	518.831024
-0.979000	-0.023800	519.558309
-0.979000	-0.021000	528.285595
-0.979000	-0.018200	545.012881
-0.979000	-0.015400	535.411300
-0.979000	-0.012600	531.774928
-0.979000	-0.009800	536.138557
-0.979000	-0.007000	548.502185
-0.979000	-0.004200	568.865814
-0.979000	-0.001400	588.551099
-0.979000	0.001400	588.551099
-0.979000	0.004200	596.551099
-0.979000	0.007000	612.551099
-0.979000	0.009800	636.551099
-0.979000	0.012600	668.551099
-0.979000	0.015400	682.086059
-0.979000	0.018200	693.722430
-0.979000	0.021000	713.358802
-0.979000	0.023800	740.995173
-0.979000	0.026600	776.631545
-0.979000	0.029400	820.267916
-0.979000	0.032200	836.287656
-0.979000	0.035000	859.560370
-0.979000	0.037800	890.833084
-0.979000	0.040600	930.105799
-0.979000	0.043400	952.633436
-0.979000	0.046200	971.542522
-0.979000	0.049000	998.451608
-0.979000	0.051800	1032.475556
-0.979000	0.054600	1039.021013
-0.979000	0.057400	1053.566470
-0.979000	0.060200	1074.435110
-0.979000	0.063000	1068.616939
-0.979000	0.065800	1070.798767
-0.979000	0.068600	1080.980596
-0.945000	-0.068600	627.666461
-0.945000	-0.065800	617.484632
-0.945000	-0.063000	615.302804
-0.945000	-0.060200	621.120975
-0.945000	-0.057400	609.688889
-0.945000	-0.054600	595.143432
-0.945000	-0.051800	588.597975
-0.945000	-0.049000	590.052518
-0.945000	-0.046200	591.607611
-0.945000	-0.043400	572.698526
-0.945000	-0.040600	561.789440
-0.945000	-0.037800	558.880354
-0.945000	-0.035000	563.971268
-0.945000	-0.032200	542.830993
-0.945000	-0.029400	527.558279
-0.945000	-0.026600	520.285565
-0.945000	-0.023800	521.012850
-0.945000	-0.021000	529.740136
-0.945000	-0.018200	533.974385
-0.945000	-0.015400	522.338014
-0.945000	-0.012600	518.701642
-0.945000	-0.009800	523.065271
-0.945000	-0.007000	535.428900
-0.945000	-0.004200	555.792528
-0.945000	-0.001400	553.642017
-0.945000	0.001400	553.642017
-0.945000	0.004200	561.642017
-0.945000	0.007000	577.642017
-0.945000	0.009800	601.642017
-0.945000	0.012600	633.642017
-0.945000	0.015400	647.176977
-0.945000	0.018200	658.813348
-0.945000	0.021000	678.449719
-0.945000	0.023800	706.086091
-0.945000	0.026600	741.722462
-0.945000	0.029400	785.358834
-0.945000	0.032200	836.995205
-0.945000	0.035000	861.014911
-0.945000	0.037800	892.287625
-0.945000	0.040600	931.560340
-0.945000	0.043400	954.087977
-0.945000	0.046200	972.997063
-0.945000	0.049000	999.906149
-0.945000	0.051800	1033.930097
-0.945000	0.054600	1040.475554
-0.945000	0.057400	1055.021011
-0.945000	0.060200	1075.889651
-0.945000	0.063000	1070.071480
-0.945000	0.065800	1072.253309
-0.945000	0.068600	1082.435137
-0.911000	-0.068600	631.720391
-0.911000	-0.065800	621.538562
-0.911000	-0.063000	619.356734
-0.911000	-0.060200	625.174905
-0.911000	-0.057400	605.514232
-0.911000	-0.054600	590.968774
-0.911000	-0.051800	584.423317
-0.911000	-0.049000	585.877860
-0.911000	-0.046200	566.841841
-0.911000	-0.043400	547.932755
-0.911000	-0.040600	537.023669
-0.911000	-0.037800	534.114583
-0.911000	-0.035000	539.205498
-0.911000	-0.032200	522.848004
-0.911000	-0.029400	507.575289
-0.911000	-0.026600	500.302575
-0.911000	-0.023800	501.029861
-0.911000	-0.021000	509.757147
-0.911000	-0.018200	507.065303
-0.911000	-0.015400	495.428932
-0.911000	-0.012600	491.792560
-0.911000	-0.009800	496.156189
-0.911000	-0.007000	508.519817
-0.911000	-0.004200	528.883446
-0.911000	-0.001400	526.732935
-0.911000	0.001400	526.732935
-0.911000	0.004200	534.732935
-0.911000	0.007000	550.732935
-0.911000	0.009800	574.732935
-0.911000	0.012600	606.732935
-0.911000	0.015400	620.267894
-0.911000	0.018200	631.904266
-0.911000	0.021000	651.540637
-0.911000	0.023800	679.177008
-0.911000	0.026600	714.813380
-0.911000	0.029400	758.449751
-0.911000	0.032200	810.086123
-0.911000	0.035000	836.445190
-0.911000	0.037800	867.717905
-0.911000	0.040600	906.990619
-0.911000	0.043400	954.263333
-0.911000	0.046200	982.451604
-0.911000	0.049000	1009.360690
-0.911000	0.051800	1043.384638
-0.911000	0.054600	1049.930095
-0.911000	0.057400	1064.475552
-0.911000	0.060200	1085.344193
-0.911000	0.063000	1079.526021
-0.911000	0.065800	1081.707850
-0.911000	0.068600	1091.889678
-0.877000	-0.068600	612.811309
-0.877000	-0.065800	602.629480
-0.877000	-0.063000	600.447652
-0.877000	-0.060200	606.265823
-0.877000	-0.057400	586.605149
-0.877000	-0.054600	572.059692
-0.877000	-0.051800	565.514235
-0.877000	-0.049000	566.968778
-0.877000	-0.046200	547.932758
-0.877000	-0.043400	529.023673
-0.877000	-0.040600	518.114587
-0.877000	-0.037800	515.205501
-0.877000	-0.035000	520.296415
-0.877000	-0.032200	503.938921
-0.877000	-0.029400	488.666207
-0.877000	-0.026600	481.393493
-0.877000	-0.023800	482.120778
-0.877000	-0.021000	490.848064
-0.877000	-0.018200	488.156221
-0.877000	-0.015400	476.519849
-0.877000	-0.012600	472.883478
-0.877000	-0.009800	477.247106
-0.877000	-0.007000	489.610735
-0.877000	-0.004200	509.974363
-0.877000	-0.001400	507.823852
-0.877000	0.001400	507.823852
-0.877000	0.004200	515.823852
-0.877000	0.007000	531.823852
-0.877000	0.009800	555.823852
-0.877000	0.012600	587.823852
-0.877000	0.015400	601.358812
-0.877000	0.018200	612.995183
-0.877000	0.021000	632.631555
-0.877000	0.023800	660.267926
-0.877000	0.026600	695.904298
-0.877000	0.029400	739.540669
-0.877000	0.032200	791.177040
-0.877000	0.035000	817.536108
-0.877000	0.037800	848.808822
-0.877000	0.040600	888.081537
-0.877000	0.043400	935.354251
-0.877000	0.046200	987.142246
-0.877000	0.049000	1014.051331
-0.877000	0.051800	1048.960417
-0.877000	0.054600	1067.384637
-0.877000	0.057400	1081.930094
-0.877000	0.060200	1102.798734
-0.877000	0.063000	1096.980562
-0.877000	0.065800	1099.162391
-0.877000	0.068600	1109.344219
-0.843000	-0.068600	601.902226
-0.843000	-0.065800	591.720398
-0.843000	-0.063000	589.538569
-0.843000	-0.060200	595.356741
-0.843000	-0.057400	575.696067
-0.843000	-0.054600	561.150610
-0.843000	-0.051800	554.605153
-0.843000	-0.049000	556.059695
-0.843000	-0.046200	537.023676
-0.843000	-0.043400	518.114590
-0.843000	-0.040600	507.205504
-0.843000	-0.037800	504.296419
-0.843000	-0.035000	509.387333
-0.843000	-0.032200	493.029839
-0.843000	-0.029400	477.757125
-0.843000	-0.026600	470.484410
-0.843000	-0.023800	471.211696
-0.843000	-0.021000	473.860218
-0.843000	-0.018200	454.223846
-0.843000	-0.015400	442.587475
-0.843000	-0.012600	438.951103
-0.843000	-0.009800	443.314732
-0.843000	-0.007000	455.678361
-0.843000	-0.004200	470.860997
-0.843000	-0.001400	462.860997
-0.843000	0.001400	462.860997
-0.843000	0.004200	470.860997
-0.843000	0.007000	486.860997
-0.843000	0.009800	510.860997
-0.843000	0.012600	542.860997
-0.843000	0.015400	572.437455
-0.843000	0.018200	584.073826
-0.843000	0.021000	603.710198
-0.843000	0.023800	631.346569
-0.843000	0.026600	666.982941
-0.843000	0.029400	710.619312
-0.843000	0.032200	762.255684
-0.843000	0.035000	806.627026
-0.843000	0.037800	837.899740
-0.843000	0.040600	877.172454
-0.843000	0.043400	924.445169
-0.843000	0.046200	976.233163
-0.843000	0.049000	1003.142249
-0.843000	0.051800	1038.051335
-0.843000	0.054600	1080.091987
-0.843000	0.057400	1094.637444
-0.843000	0.060200	1117.182902
-0.843000	0.063000	1122.435103
-0.843000	0.065800	1124.616932
-0.843000	0.068600	1134.798761
-0.809000	-0.068600	598.993144
-0.809000	-0.065800	588.811315
-0.809000	-0.063000	586.629487
-0.809000	-0.060200	592.447658
-0.809000	-0.057400	572.786985
-0.809000	-0.054600	558.241527
-0.809000	-0.051800	551.696070
-0.809000	-0.049000	553.150613
-0.809000	-0.046200	534.114594
-0.809000	-0.043400	515.205508
-0.809000	-0.040600	504.296422
-0.809000	-0.037800	501.387336
-0.809000	-0.035000	506.478251
-0.809000	-0.032200	488.346189
-0.809000	-0.029400	473.073475
-0.809000	-0.026600	465.800761
-0.809000	-0.023800	462.223860
-0.809000	-0.021000	434.587488
-0.809000	-0.018200	414.951117
-0.809000	-0.015400	403.314746
-0.809000	-0.012600	399.678374
-0.809000	-0.009800	404.042003
-0.809000	-0.007000	416.405631
-0.809000	-0.004200	431.588268
-0.809000	-0.001400	423.588268
-0.809000	0.001400	423.588268
-0.809000	0.004200	431.588268
-0.809000	0.007000	447.588268
-0.809000	0.009800	471.588268
-0.809000	0.012600	503.588268
-0.809000	0.015400	533.164726
-0.809000	0.018200	544.801097
-0.809000	0.021000	564.437468
-0.809000	0.023800	592.073840
-0.809000	0.026600	627.710211
-0.809000	0.029400	671.346583
-0.809000	0.032200	722.982954
-0.809000	0.035000	782.619326
-0.809000	0.037800	834.990658
-0.809000	0.040600	874.263372
-0.809000	0.043400	921.536086
-0.809000	0.046200	973.324081
-0.809000	0.049000	1000.233167
-0.809000	0.051800	1035.142252
-0.809000	0.054600	1077.182905
-0.809000	0.057400	1091.728362
-0.809000	0.060200	1114.273819
-0.809000	0.063000	1142.610011
-0.809000	0.065800	1144.791839
-0.809000	0.068600	1154.973668
-0.775000	-0.068600	604.084062
-0.775000	-0.065800	593.902233
-0.775000	-0.063000	591.720405
-0.775000	-0.060200	597.305351
-0.775000	-0.057400	574.759894
-0.775000	-0.054600	560.214437
-0.775000	-0.051800	553.668979
-0.775000	-0.049000	555.123522
-0.775000	-0.046200	536.677145
-0.775000	-0.043400	517.768059
-0.775000	-0.040600	506.858974
-0.775000	-0.037800	503.949888
-0.775000	-0.035000	480.346174
-0.775000	-0.032200	457.073460
-0.775000	-0.029400	441.800746
-0.775000	-0.026600	434.528031
-0.775000	-0.023800	430.951130
-0.775000	-0.021000	403.314759
-0.775000	-0.018200	383.678388
-0.775000	-0.015400	372.042016
-0.775000	-0.012600	368.405645
-0.775000	-0.009800	372.769273
-0.775000	-0.007000	385.132902
-0.775000	-0.004200	400.315538
-0.775000	-0.001400	392.315538
-0.775000	0.001400	392.315538
-0.775000	0.004200	400.315538
-0.775000	0.007000	416.315538
-0.775000	0.009800	440.315538
-0.775000	0.012600	472.315538
-0.775000	0.015400	501.891996
-0.775000	0.018200	513.528368
-0.775000	0.021000	533.164739
-0.775000	0.023800	560.801110
-0.775000	0.026600	596.437482
-0.775000	0.029400	640.073853
-0.775000	0.032200	691.710225
-0.775000	0.035000	751.346596
-0.775000	0.037800	807.159066
-0.775000	0.040600	846.431780
-0.775000	0.043400	893.704494
-0.775000	0.046200	948.977208
-0.775000	0.049000	1005.324084
-0.775000	0.051800	1040.233170
-0.775000	0.054600	1082.273823
-0.775000	0.057400	1096.819280
-0.775000	0.060200	1119.364737
-0.775000	0.063000	1147.700928
-0.775000	0.065800	1149.882757
-0.775000	0.068600	1160.064585
-0.741000	-0.068600	594.240276
-0.741000	-0.065800	584.058448
-0.741000	-0.063000	581.876619
-0.741000	-0.060200	574.032621
-0.741000	-0.057400	551.487164
-0.741000	-0.054600	536.941707
-0.741000	-0.051800	530.396250
-0.741000	-0.049000	531.850793
-0.741000	-0.046200	513.404416
-0.741000	-0.043400	494.495330
-0.741000	-0.040600	483.586244
-0.741000	-0.037800	480.677158
-0.741000	-0.035000	457.073445
-0.741000	-0.032200	433.800730
-0.741000	-0.029400	418.528016
-0.741000	-0.026600	411.255302
-0.741000	-0.023800	407.678401
-0.741000	-0.021000	380.042030
-0.741000	-0.018200	360.405658
-0.741000	-0.015400	348.769287
-0.741000	-0.012600	345.132915
-0.741000	-0.009800	349.496544
-0.741000	-0.007000	361.860172
-0.741000	-0.004200	377.042809
-0.741000	-0.001400	369.042809
-0.741000	0.001400	369.042809
-0.741000	0.004200	377.042809
-0.741000	0.007000	393.042809
-0.741000	0.009800	417.042809
-0.741000	0.012600	449.042809
-0.741000	0.015400	478.619267
-0.741000	0.018200	490.255638
-0.741000	0.021000	509.892010
-0.741000	0.023800	537.528381
-0.741000	0.026600	573.164752
-0.741000	0.029400	616.801124
-0.741000	0.032200	668.437495
-0.741000	0.035000	728.073867
-0.741000	0.037800	783.886336
-0.741000	0.040600	823.159050
-0.741000	0.043400	870.431765
-0.741000	0.046200	925.704479
-0.741000	0.049000	988.977193
-0.741000	0.051800	1042.037120
-0.741000	0.054600	1084.946206
-0.741000	0.057400	1109.910197
-0.741000	0.060200	1132.455655
-0.741000	0.063000	1160.791846
-0.741000	0.065800	1162.973674
-0.741000	0.068600	1173.155503
-0.707000	-0.068600	578.967547
-0.707000	-0.065800	568.785718
-0.707000	-0.063000	566.603890
-0.707000	-0.060200	558.759892
-0.707000	-0.057400	536.214435
-0.707000	-0.054600	521.668978
-0.707000	-0.051800	515.123521
-0.707000	-0.049000	516.578063
-0.707000	-0.046200	498.131686
-0.707000	-0.043400	479.222600
-0.707000	-0.040600	468.313515
-0.707000	-0.037800	465.404429
-0.707000	-0.035000	441.800715
-0.707000	-0.032200	418.528001
-0.707000	-0.029400	403.255287
-0.707000	-0.026600	395.982573
-0.707000	-0.023800	392.405672
-0.707000	-0.021000	364.769300
-0.707000	-0.018200	345.132929
-0.707000	-0.015400	333.496557
-0.707000	-0.012600	329.860186
-0.707000	-0.009800	334.223814
-0.707000	-0.007000	346.587443
-0.707000	-0.004200	357.605973
-0.707000	-0.001400	349.605973
-0.707000	0.001400	349.605973
-0.707000	0.004200	357.605973
-0.707000	0.007000	373.605973
-0.707000	0.009800	397.605973
-0.707000	0.012600	429.605973
-0.707000	0.015400	461.550226
-0.707000	0.018200	473.186597
-0.707000	0.021000	492.822969
-0.707000	0.023800	520.459340
-0.707000	0.026600	556.095712
-0.707000	0.029400	599.732083
-0.707000	0.032200	651.368455
-0.707000	0.035000	711.004826
-0.707000	0.037800	768.613607
-0.707000	0.040600	807.886321
-0.707000	0.043400	855.159035
-0.707000	0.046200	910.431750
-0.707000	0.049000	973.704464
-0.707000	0.051800	1026.764391
-0.707000	0.054600	1069.673476
-0.707000	0.057400	1120.582562
-0.707000	0.060200	1153.546572
-0.707000	0.063000	1181.882764
-0.707000	0.065800	1184.064592
-0.707000	0.068600	1194.246421
-0.673000	-0.068600	571.694818
-0.673000	-0.065800	561.512989
-0.673000	-0.063000	559.331160
-0.673000	-0.060200	551.487163
-0.673000	-0.057400	528.941705
-0.673000	-0.054600	514.396248
-0.673000	-0.051800	507.850791
-0.673000	-0.049000	509.305334
-0.673000	-0.046200	490.858957
-0.673000	-0.043400	471.949871
-0.673000	-0.040600	461.040785
-0.673000	-0.037800	458.131700
-0.673000	-0.035000	434.527986
-0.673000	-0.032200	411.255272
-0.673000	-0.029400	395.982557
-0.673000	-0.026600	388.709843
-0.673000	-0.023800	385.132942
-0.673000	-0.021000	357.496571
-0.673000	-0.018200	337.860199
-0.673000	-0.015400	326.223828
-0.673000	-0.012600	322.587456
-0.673000	-0.009800	326.951085
-0.673000	-0.007000	329.969620
-0.673000	-0.004200	313.969620
-0.673000	-0.001400	305.969620
-0.673000	0.001400	305.969620
-0.673000	0.004200	313.969620
-0.673000	0.007000	329.969620
-0.673000	0.009800	353.969620
-0.673000	0.012600	385.969620
-0.673000	0.015400	417.913873
-0.673000	0.018200	429.550244
-0.673000	0.021000	449.186616
-0.673000	0.023800	476.822987
-0.673000	0.026600	512.459359
-0.673000	0.029400	556.095730
-0.673000	0.032200	607.732102
-0.673000	0.035000	667.368473
-0.673000	0.037800	735.004844
-0.673000	0.040600	800.613592
-0.673000	0.043400	847.886306
-0.673000	0.046200	903.159020
-0.673000	0.049000	966.431734
-0.673000	0.051800	1019.491661
-0.673000	0.054600	1062.400747
-0.673000	0.057400	1113.309833
-0.673000	0.060200	1150.695808
-0.673000	0.063000	1181.241265
-0.673000	0.065800	1213.155510
-0.673000	0.068600	1223.337338
-0.639000	-0.068600	572.422088
-0.639000	-0.065800	562.240260
-0.639000	-0.063000	560.058431
-0.639000	-0.060200	552.214433
-0.639000	-0.057400	529.668976
-0.639000	-0.054600	515.123519
-0.639000	-0.051800	508.578062
-0.639000	-0.049000	510.032605
-0.639000	-0.046200	491.586227
-0.639000	-0.043400	472.677142
-0.639000	-0.040600	461.768056
-0.639000	-0.037800	458.858970
-0.639000	-0.035000	435.255257
-0.639000	-0.032200	411.982542
-0.639000	-0.029400	396.709828
-0.639000	-0.026600	389.437114
-0.639000	-0.023800	385.860213
-0.639000	-0.021000	358.223841
-0.639000	-0.018200	338.587470
-0.639000	-0.015400	326.951098
-0.639000	-0.012600	323.314727
-0.639000	-0.009800	318.333267
-0.639000	-0.007000	294.333267
-0.639000	-0.004200	278.333267
-0.639000	-0.001400	270.333267
-0.639000	0.001400	270.333267
-0.639000	0.004200	278.333267
-0.639000	0.007000	294.333267
-0.639000	0.009800	318.333267
-0.639000	0.012600	350.333267
-0.639000	0.015400	382.277520
-0.639000	0.018200	393.913892
-0.639000	0.021000	413.550263
-0.639000	0.023800	441.186634
-0.639000	0.026600	476.823006
-0.639000	0.029400	520.459377
-0.639000	0.032200	572.095749
-0.639000	0.035000	631.732120
-0.639000	0.037800	699.368492
-0.639000	0.040600	775.004863
-0.639000	0.043400	848.613576
-0.639000	0.046200	903.886291
-0.639000	0.049000	967.159005
-0.639000	0.051800	1020.218932
-0.639000	0.054600	1063.128017
-0.639000	0.057400	1114.037103
-0.639000	0.060200	1151.423079
-0.639000	0.063000	1181.968536
-0.639000	0.065800	1220.513993
-0.639000	0.068600	1248.718656
-0.605000	-0.068600	581.149359
-0.605000	-0.065800	570.967530
-0.605000	-0.063000	568.785702
-0.605000	-0.060200	560.941704
-0.605000	-0.057400	538.396247
-0.605000	-0.054600	523.850790
-0.605000	-0.051800	517.305332
-0.605000	-0.049000	518.759875
-0.605000	-0.046200	500.313498
-0.605000	-0.043400	481.404412
-0.605000	-0.040600	470.495326
-0.605000	-0.037800	467.586241
-0.605000	-0.035000	443.982527
-0.605000	-0.032200	420.709813
-0.605000	-0.029400	405.437099
-0.605000	-0.026600	398.164384
-0.605000	-0.023800	394.587483
-0.605000	-0.021000	366.951112
-0.605000	-0.018200	347.314740
-0.605000	-0.015400	335.678369
-0.605000	-0.012600	322.696914
-0.605000	-0.009800	290.696914
-0.605000	-0.007000	266.696914
-0.605000	-0.004200	250.696914
-0.605000	-0.001400	242.696914
-0.605000	0.001400	242.696914
-0.605000	0.004200	250.696914
-0.605000	0.007000	266.696914
-0.605000	0.009800	290.696914
-0.605000	0.012600	322.696914
-0.605000	0.015400	354.641167
-0.605000	0.018200	366.277539
-0.605000	0.021000	385.913910
-0.605000	0.023800	413.550281
-0.605000	0.026600	449.186653
-0.605000	0.029400	492.823024
-0.605000	0.032200	544.459396
-0.605000	0.035000	604.095767
-0.605000	0.037800	671.732139
-0.605000	0.040600	747.368510
-0.605000	0.043400	831.004881
-0.605000	0.046200	889.324847
-0.605000	0.049000	952.597561
-0.605000	0.051800	1023.870275
-0.605000	0.054600	1071.855288
-0.605000	0.057400	1122.764374
-0.605000	0.060200	1160.150349
-0.605000	0.063000	1190.695807
-0.605000	0.065800	1229.241264
-0.605000	0.068600	1257.445926
-0.571000	-0.068600	567.922779
-0.571000	-0.065800	557.740950
-0.571000	-0.063000	555.559121
-0.571000	-0.060200	555.635106
-0.571000	-0.057400	533.089648
-0.571000	-0.054600	518.544191
-0.571000	-0.051800	511.998734
-0.571000	-0.049000	513.453277
-0.571000	-0.046200	503.186543
-0.571000	-0.043400	484.277457
-0.571000	-0.040600	473.368371
-0.571000	-0.037800	460.757735
-0.571000	-0.035000	429.485021
-0.571000	-0.032200	406.212306
-0.571000	-0.029400	390.939592
-0.571000	-0.026600	383.666878
-0.571000	-0.023800	376.985597
-0.571000	-0.021000	349.349226
-0.571000	-0.018200	329.712854
-0.571000	-0.015400	318.076483
-0.571000	-0.012600	303.060561
-0.571000	-0.009800	271.060561
-0.571000	-0.007000	247.060561
-0.571000	-0.004200	231.060561
-0.571000	-0.001400	223.060561
-0.571000	0.001400	223.060561
-0.571000	0.004200	231.060561
-0.571000	0.007000	247.060561
-0.571000	0.009800	271.060561
-0.571000	0.012600	303.060561
-0.571000	0.015400	335.004814
-0.571000	0.018200	346.641186
-0.571000	0.021000	366.277557
-0.571000	0.023800	393.913929
-0.571000	0.026600	429.550300
-0.571000	0.029400	473.186671
-0.571000	0.032200	524.823043
-0.571000	0.035000	584.459414
-0.571000	0.037800	652.095786
-0.571000	0.040600	727.732157
-0.571000	0.043400	811.368529
-0.571000	0.046200	869.688494
-0.571000	0.049000	932.961208
-0.571000	0.051800	1004.233922
-0.571000	0.054600	1083.506637
-0.571000	0.057400	1139.491644
-0.571000	0.060200	1176.877620
-0.571000	0.063000	1207.423077
-0.571000	0.065800	1245.968534
-0.571000	0.068600	1274.173197
-0.537000	-0.068600	556.286426
-0.537000	-0.065800	546.104597
-0.537000	-0.063000	543.922768
-0.537000	-0.060200	543.998753
-0.537000	-0.057400	521.453295
-0.537000	-0.054600	506.907838
-0.537000	-0.051800	500.362381
-0.537000	-0.049000	501.816924
-0.537000	-0.046200	491.550190
-0.537000	-0.043400	472.641104
-0.537000	-0.040600	461.732018
-0.537000	-0.037800	449.121382
-0.537000	-0.035000	417.848668
-0.537000	-0.032200	394.575954
-0.537000	-0.029400	379.303239
-0.537000	-0.026600	372.030525
-0.537000	-0.023800	365.349244
-0.537000	-0.021000	337.712873
-0.537000	-0.018200	318.076501
-0.537000	-0.015400	306.440130
-0.537000	-0.012600	291.424208
-0.537000	-0.009800	259.424208
-0.537000	-0.007000	235.424208
-0.537000	-0.004200	219.424208
-0.537000	-0.001400	211.424208
-0.537000	0.001400	211.424208
-0.537000	0.004200	219.424208
-0.537000	0.007000	235.424208
-0.537000	0.009800	259.424208
-0.537000	0.012600	291.424208
-0.537000	0.015400	323.368461
-0.537000	0.018200	335.004833
-0.537000	0.021000	354.641204
-0.537000	0.023800	382.277576
-0.537000	0.026600	417.913947
-0.537000	0.029400	461.550318
-0.537000	0.032200	513.186690
-0.537000	0.035000	572.823061
-0.537000	0.037800	640.459433
-0.537000	0.040600	716.095804
-0.537000	0.043400	799.732176
-0.537000	0.046200	858.052141
-0.537000	0.049000	921.324855
-0.537000	0.051800	992.597569
-0.537000	0.054600	1071.870284
-0.537000	0.057400	1146.779359
-0.537000	0.060200	1201.604891
-0.537000	0.063000	1232.150348
-0.537000	0.065800	1270.695805
-0.537000	0.068600	1298.900467
-0.503000	-0.068600	552.650073
-0.503000	-0.065800	542.468244
-0.503000	-0.063000	540.286416
-0.503000	-0.060200	540.362400
-0.503000	-0.057400	517.816943
-0.503000	-0.054600	503.271485
-0.503000	-0.051800	496.726028
-0.503000	-0.049000	498.180571
-0.503000	-0.046200	487.913837
-0.503000	-0.043400	469.004751
-0.503000	-0.040600	458.095665
-0.503000	-0.037800	445.485029
-0.503000	-0.035000	414.212315
-0.503000	-0.032200	390.939601
-0.503000	-0.029400	375.666886
-0.503000	-0.026600	368.394172
-0.503000	-0.023800	361.712891
-0.503000	-0.021000	334.076520
-0.503000	-0.018200	314.440148
-0.503000	-0.015400	302.803777
-0.503000	-0.012600	287.787855
-0.503000	-0.009800	255.787855
-0.503000	-0.007000	231.787855
-0.503000	-0.004200	215.787855
-0.503000	-0.001400	207.787855
-0.503000	0.001400	207.787855
-0.503000	0.004200	215.787855
-0.503000	0.007000	231.787855
-0.503000	0.009800	255.787855
-0.503000	0.012600	287.787855
-0.503000	0.015400	319.732108
-0.503000	0.018200	331.368480
-0.503000	0.021000	351.004851
-0.503000	0.023800	378.641223
-0.503000	0.026600	414.277594
-0.503000	0.029400	457.913966
-0.503000	0.032200	509.550337
-0.503000	0.035000	569.186708
-0.503000	0.037800	636.823080
-0.503000	0.040600	712.459451
-0.503000	0.043400	796.095823
-0.503000	0.046200	854.415788
-0.503000	0.049000	917.688502
-0.503000	0.051800	988.961217
-0.503000	0.054600	1068.233931
-0.503000	0.057400	1143.143006
-0.503000	0.060200	1202.052092
-0.503000	0.063000	1251.492620
-0.503000	0.065800	1290.038078
-0.503000	0.068600	1331.627738
-0.469000	-0.068600	557.013720
-0.469000	-0.065800	546.831891
-0.469000	-0.063000	544.650063
-0.469000	-0.060200	544.726047
-0.469000	-0.057400	522.180590
-0.469000	-0.054600	507.635132
-0.469000	-0.051800	501.089675
-0.469000	-0.049000	502.544218
-0.469000	-0.046200	492.277484
-0.469000	-0.043400	473.368398
-0.469000	-0.040600	462.459312
-0.469000	-0.037800	449.848676
-0.469000	-0.035000	418.575962
-0.469000	-0.032200	395.303248
-0.469000	-0.029400	380.030533
-0.469000	-0.026600	372.757819
-0.469000	-0.023800	366.076538
-0.469000	-0.021000	338.440167
-0.469000	-0.018200	318.803795
-0.469000	-0.015400	307.167424
-0.469000	-0.012600	292.151502
-0.469000	-0.009800	260.151502
-0.469000	-0.007000	236.151502
-0.469000	-0.004200	220.151502
-0.469000	-0.001400	212.151502
-0.469000	0.001400	212.151502
-0.469000	0.004200	220.151502
-0.469000	0.007000	236.151502
-0.469000	0.009800	260.151502
-0.469000	0.012600	292.151502
-0.469000	0.015400	324.095755
-0.469000	0.018200	335.732127
-0.469000	0.021000	355.368498
-0.469000	0.023800	383.004870
-0.469000	0.026600	418.641241
-0.469000	0.029400	462.277613
-0.469000	0.032200	513.913984
-0.469000	0.035000	573.550355
-0.469000	0.037800	641.186727
-0.469000	0.040600	716.823098
-0.469000	0.043400	800.459470
-0.469000	0.046200	858.779435
-0.469000	0.049000	922.052149
-0.469000	0.051800	993.324864
-0.469000	0.054600	1072.597578
-0.469000	0.057400	1147.506653
-0.469000	0.060200	1206.415739
-0.469000	0.063000	1255.856267
-0.469000	0.065800	1294.401725
-0.469000	0.068600	1337.769158
-0.435000	-0.068600	569.377367
-0.435000	-0.065800	559.195538
-0.435000	-0.063000	557.013710
-0.435000	-0.060200	557.089694
-0.435000	-0.057400	534.544237
-0.435000	-0.054600	519.998779
-0.435000	-0.051800	513.453322
-0.435000	-0.049000	514.907865
-0.435000	-0.046200	504.641131
-0.435000	-0.043400	485.732045
-0.435000	-0.040600	474.822960
-0.435000	-0.037800	462.212323
-0.435000	-0.035000	430.939609
-0.435000	-0.032200	407.666895
-0.435000	-0.029400	392.394180
-0.435000	-0.026600	385.121466
-0.435000	-0.023800	378.440185
-0.435000	-0.021000	350.803814
-0.435000	-0.018200	331.167443
-0.435000	-0.015400	319.531071
-0.435000	-0.012600	304.515149
-0.435000	-0.009800	272.515149
-0.435000	-0.007000	248.515149
-0.435000	-0.004200	232.515149
-0.435000	-0.001400	224.515149
-0.435000	0.001400	224.515149
-0.435000	0.004200	232.515149
-0.435000	0.007000	248.515149
-0.435000	0.009800	272.515149
-0.435000	0.012600	304.515149
-0.435000	0.015400	336.459402
-0.435000	0.018200	348.095774
-0.435000	0.021000	367.732145
-0.435000	0.023800	395.368517
-0.435000	0.026600	431.004888
-0.435000	0.029400	474.641260
-0.435000	0.032200	526.277631
-0.435000	0.035000	585.914002
-0.435000	0.037800	653.550374
-0.435000	0.040600	729.186745
-0.435000	0.043400	812.823117
-0.435000	0.046200	871.143082
-0.435000	0.049000	934.415796
-0.435000	0.051800	1005.688511
-0.435000	0.054600	1084.961225
-0.435000	0.057400	1159.870300
-0.435000	0.060200	1218.779386
-0.435000	0.063000	1268.219915
-0.435000	0.065800	1306.765372
-0.435000	0.068600	1350.132805
-0.401000	-0.068600	556.122632
-0.401000	-0.065800	545.940803
-0.401000	-0.063000	543.758975
-0.401000	-0.060200	549.577146
-0.401000	-0.057400	535.540744
-0.401000	-0.054600	520.995286
-0.401000	-0.051800	514.449829
-0.401000	-0.049000	515.904372
-0.401000	-0.046200	513.272940
-0.401000	-0.043400	494.363854
-0.401000	-0.040600	483.454768
-0.401000	-0.037800	480.545683
-0.401000	-0.035000	451.303256
-0.401000	-0.032200	428.030542
-0.401000	-0.029400	412.757827
-0.401000	-0.026600	405.485113
-0.401000	-0.023800	398.803832
-0.401000	-0.021000	371.167461
-0.401000	-0.018200	351.531090
-0.401000	-0.015400	339.894718
-0.401000	-0.012600	324.878796
-0.401000	-0.009800	292.878796
-0.401000	-0.007000	268.878796
-0.401000	-0.004200	252.878796
-0.401000	-0.001400	244.878796
-0.401000	0.001400	244.878796
-0.401000	0.004200	252.878796
-0.401000	0.007000	268.878796
-0.401000	0.009800	292.878796
-0.401000	0.012600	324.878796
-0.401000	0.015400	356.823050
-0.401000	0.018200	368.459421
-0.401000	0.021000	388.095792
-0.401000	0.023800	415.732164
-0.401000	0.026600	451.368535
-0.401000	0.029400	495.004907
-0.401000	0.032200	546.641278
-0.401000	0.035000	606.277650
-0.401000	0.037800	673.914021
-0.401000	0.040600	749.550392
-0.401000	0.043400	833.186764
-0.401000	0.046200	891.506729
-0.401000	0.049000	954.779443
-0.401000	0.051800	1026.052158
-0.401000	0.054600	1105.324872
-0.401000	0.057400	1180.233947
-0.401000	0.060200	1239.143033
-0.401000	0.063000	1288.583562
-0.401000	0.065800	1327.129019
-0.401000	0.068600	1370.496452
-0.367000	-0.068600	548.122632
-0.367000	-0.065800	537.940803
-0.367000	-0.063000	535.758975
-0.367000	-0.060200	541.577146
-0.367000	-0.057400	527.540744
-0.367000	-0.054600	512.995286
-0.367000	-0.051800	506.449829
-0.367000	-0.049000	507.904372
-0.367000	-0.046200	505.272940
-0.367000	-0.043400	486.363854
-0.367000	-0.040600	475.454768
-0.367000	-0.037800	472.545683
-0.367000	-0.035000	449.592501
-0.367000	-0.032200	426.319787
-0.367000	-0.029400	411.047073
-0.367000	-0.026600	403.774359
-0.367000	-0.023800	404.501644
-0.367000	-0.021000	384.273316
-0.367000	-0.018200	364.636945
-0.367000	-0.015400	353.000574
-0.367000	-0.012600	349.364202
-0.367000	-0.009800	321.242443
-0.367000	-0.007000	297.242443
-0.367000	-0.004200	281.242443
-0.367000	-0.001400	273.242443
-0.367000	0.001400	273.242443
-0.367000	0.004200	281.242443
-0.367000	0.007000	297.242443
-0.367000	0.009800	321.242443
-0.367000	0.012600	353.242443
-0.367000	0.015400	385.186697
-0.367000	0.018200	396.823068
-0.367000	0.021000	416.459439
-0.367000	0.023800	444.095811
-0.367000	0.026600	479.732182
-0.367000	0.029400	523.368554
-0.367000	0.032200	575.004925
-0.367000	0.035000	634.641297
-0.367000	0.037800	702.277668
-0.367000	0.040600	777.914039
-0.367000	0.043400	861.550411
-0.367000	0.046200	919.870376
-0.367000	0.049000	983.143090
-0.367000	0.051800	1054.415805
-0.367000	0.054600	1133.688519
-0.367000	0.057400	1208.597594
-0.367000	0.060200	1267.506680
-0.367000	0.063000	1316.947209
-0.367000	0.065800	1355.492666
-0.367000	0.068600	1398.860099
-0.333000	-0.068600	548.122632
-0.333000	-0.065800	537.940803
-0.333000	-0.063000	535.758975
-0.333000	-0.060200	541.577146
-0.333000	-0.057400	527.540744
-0.333000	-0.054600	512.995286
-0.333000	-0.051800	506.449829
-0.333000	-0.049000	507.904372
-0.333000	-0.046200	505.272940
-0.333000	-0.043400	486.363854
-0.333000	-0.040600	475.454768
-0.333000	-0.037800	472.545683
-0.333000	-0.035000	449.592501
-0.333000	-0.032200	426.319787
-0.333000	-0.029400	411.047073
-0.333000	-0.026600	403.774359
-0.333000	-0.023800	404.501644
-0.333000	-0.021000	384.273316
-0.333000	-0.018200	364.636945
-0.333000	-0.015400	353.000574
-0.333000	-0.012600	349.364202
-0.333000	-0.009800	353.727831
-0.333000	-0.007000	333.445781
-0.333000	-0.004200	317.445781
-0.333000	-0.001400	309.445781
-0.333000	0.001400	309.445781
-0.333000	0.004200	317.445781
-0.333000	0.007000	333.445781
-0.333000	0.009800	357.445781
-0.333000	0.012600	389.445781
-0.333000	0.015400	411.938487
-0.333000	0.018200	423.574858
-0.333000	0.021000	443.211230
-0.333000	0.023800	470.847601
-0.333000	0.026600	506.483973
-0.333000	0.029400	550.120344
-0.333000	0.032200	601.756716
-0.333000	0.035000	661.393087
-0.333000	0.037800	729.029458
-0.333000	0.040600	804.665830
-0.333000	0.043400	888.302201
-0.333000	0.046200	956.234023
-0.333000	0.049000	1019.506738
-0.333000	0.051800	1090.779452
-0.333000	0.054600	1170.052166
-0.333000	0.057400	1244.961241
-0.333000	0.060200	1303.870327
-0.333000	0.063000	1353.310856
-0.333000	0.065800	1391.856313
-0.333000	0.068600	1435.223746
-0.299000	-0.068600	556.122632
-0.299000	-0.065800	545.940803
-0.299000	-0.063000	543.758975
-0.299000	-0.060200	549.577146
-0.299000	-0.057400	535.540744
-0.299000	-0.054600	520.995286
-0.299000	-0.051800	514.449829
-0.299000	-0.049000	515.904372
-0.299000	-0.046200	513.272940
-0.299000	-0.043400	494.363854
-0.299000	-0.040600	483.454768
-0.299000	-0.037800	480.545683
-0.299000	-0.035000	457.592501
-0.299000	-0.032200	434.319787
-0.299000	-0.029400	419.047073
-0.299000	-0.026600	411.774359
-0.299000	-0.023800	412.501644
-0.299000	-0.021000	392.273316
-0.299000	-0.018200	372.636945
-0.299000	-0.015400	361.000574
-0.299000	-0.012600	357.364202
-0.299000	-0.009800	361.727831
-0.299000	-0.007000	341.445781
-0.299000	-0.004200	325.445781
-0.299000	-0.001400	317.445781
-0.299000	0.001400	317.445781
-0.299000	0.004200	325.445781
-0.299000	0.007000	341.445781
-0.299000	0.009800	365.445781
-0.299000	0.012600	397.445781
-0.299000	0.015400	419.938487
-0.299000	0.018200	431.574858
-0.299000	0.021000	451.211230
-0.299000	0.023800	478.847601
-0.299000	0.026600	514.483973
-0.299000	0.029400	558.120344
-0.299000	0.032200	609.756716
-0.299000	0.035000	669.393087
-0.299000	0.037800	737.029458
-0.299000	0.040600	812.665830
-0.299000	0.043400	896.302201
-0.299000	0.046200	987.938573
-0.299000	0.049000	1063.870385
-0.299000	0.051800	1135.143099
-0.299000	0.054600	1214.415813
-0.299000	0.057400	1289.324888
-0.299000	0.060200	1348.233974
-0.299000	0.063000	1389.597069
-0.299000	0.065800	1428.142526
-0.299000	0.068600	1473.143911
-0.265000	-0.068600	571.303393
-0.265000	-0.065800	561.121564
-0.265000	-0.063000	558.939736
-0.265000	-0.060200	564.757907
-0.265000	-0.057400	551.540744
-0.265000	-0.054600	536.995286
-0.265000	-0.051800	530.449829
-0.265000	-0.049000	531.904372
-0.265000	-0.046200	529.272940
-0.265000	-0.043400	510.363854
-0.265000	-0.040600	499.454768
-0.265000	-0.037800	496.545683
-0.265000	-0.035000	473.592501
-0.265000	-0.032200	450.319787
-0.265000	-0.029400	435.047073
-0.265000	-0.026600	427.774359
-0.265000	-0.023800	428.501644
-0.265000	-0.021000	408.273316
-0.265000	-0.018200	388.636945
-0.265000	-0.015400	377.000574
-0.265000	-0.012600	373.364202
-0.265000	-0.009800	377.727831
-0.265000	-0.007000	357.445781
-0.265000	-0.004200	341.445781
-0.265000	-0.001400	333.445781
-0.265000	0.001400	333.445781
-0.265000	0.004200	341.445781
-0.265000	0.007000	357.445781
-0.265000	0.009800	381.445781
-0.265000	0.012600	413.445781
-0.265000	0.015400	435.938487
-0.265000	0.018200	447.574858
-0.265000	0.021000	467.211230
-0.265000	0.023800	494.847601
-0.265000	0.026600	530.483973
-0.265000	0.029400	574.120344
-0.265000	0.032200	625.756716
-0.265000	0.035000	685.393087
-0.265000	0.037800	753.029458
-0.265000	0.040600	828.665830
-0.265000	0.043400	912.302201
-0.265000	0.046200	1003.938573
-0.265000	0.049000	1088.523940
-0.265000	0.051800	1159.796655
-0.265000	0.054600	1239.069369
-0.265000	0.057400	1306.138704
-0.265000	0.060200	1365.047790
-0.265000	0.063000	1405.597069
-0.265000	0.065800	1444.142526
-0.265000	0.068600	1489.143911
-0.231000	-0.068600	558.939746
-0.231000	-0.065800	548.757917
-0.231000	-0.063000	546.576089
-0.231000	-0.060200	552.394260
-0.231000	-0.057400	550.765813
-0.231000	-0.054600	536.220356
-0.231000	-0.051800	529.674899
-0.231000	-0.049000	531.129442
-0.231000	-0.046200	539.031861
-0.231000	-0.043400	520.122775
-0.231000	-0.040600	509.213690
-0.231000	-0.037800	506.304604
-0.231000	-0.035000	497.592501
-0.231000	-0.032200	474.319787
-0.231000	-0.029400	459.047073
-0.231000	-0.026600	451.774359
-0.231000	-0.023800	452.501644
-0.231000	-0.021000	432.273316
-0.231000	-0.018200	412.636945
-0.231000	-0.015400	401.000574
-0.231000	-0.012600	397.364202
-0.231000	-0.009800	401.727831
-0.231000	-0.007000	381.445781
-0.231000	-0.004200	365.445781
-0.231000	-0.001400	357.445781
-0.231000	0.001400	357.445781
-0.231000	0.004200	365.445781
-0.231000	0.007000	381.445781
-0.231000	0.009800	405.445781
-0.231000	0.012600	437.445781
-0.231000	0.015400	459.938487
-0.231000	0.018200	471.574858
-0.231000	0.021000	491.211230
-0.231000	0.023800	518.847601
-0.231000	0.026600	554.483973
-0.231000	0.029400	598.120344
-0.231000	0.032200	649.756716
-0.231000	0.035000	709.393087
-0.231000	0.037800	777.029458
-0.231000	0.040600	852.665830
-0.231000	0.043400	936.302201
-0.231000	0.046200	1027.938573
-0.231000	0.049000	1112.523940
-0.231000	0.051800	1183.796655
-0.231000	0.054600	1263.069369
-0.231000	0.057400	1330.138704
-0.231000	0.060200	1389.047790
-0.231000	0.063000	1429.597069
-0.231000	0.065800	1468.142526
-0.231000	0.068600	1513.143911
-0.197000	-0.068600	554.576099
-0.197000	-0.065800	544.394270
-0.197000	-0.063000	542.212442
-0.197000	-0.060200	548.030613
-0.197000	-0.057400	546.402166
-0.197000	-0.054600	531.856709
-0.197000	-0.051800	525.311252
-0.197000	-0.049000	526.765795
-0.197000	-0.046200	534.668214
-0.197000	-0.043400	515.759128
-0.197000	-0.040600	504.850043
-0.197000	-0.037800	501.940957
-0.197000	-0.035000	497.583135
-0.197000	-0.032200	474.310421
-0.197000	-0.029400	459.037706
-0.197000	-0.026600	451.764992
-0.197000	-0.023800	452.492278
-0.197000	-0.021000	443.032889
-0.197000	-0.018200	423.396518
-0.197000	-0.015400	411.760146
-0.197000	-0.012600	408.123775
-0.197000	-0.009800	412.487403
-0.197000	-0.007000	413.445781
-0.197000	-0.004200	397.445781
-0.197000	-0.001400	389.445781
-0.197000	0.001400	389.445781
-0.197000	0.004200	397.445781
-0.197000	0.007000	413.445781
-0.197000	0.009800	437.445781
-0.197000	0.012600	469.445781
-0.197000	0.015400	491.938487
-0.197000	0.018200	503.574858
-0.197000	0.021000	523.211230
-0.197000	0.023800	550.847601
-0.197000	0.026600	586.483973
-0.197000	0.029400	630.120344
-0.197000	0.032200	681.756716
-0.197000	0.035000	741.393087
-0.197000	0.037800	809.029458
-0.197000	0.040600	884.665830
-0.197000	0.043400	968.302201
-0.197000	0.046200	1059.938573
-0.197000	0.049000	1144.523940
-0.197000	0.051800	1215.796655
-0.197000	0.054600	1295.069369
-0.197000	0.057400	1362.138704
-0.197000	0.060200	1421.047790
-0.197000	0.063000	1461.597069
-0.197000	0.065800	1500.142526
-0.197000	0.068600	1545.143911
-0.163000	-0.068600	558.212452
-0.163000	-0.065800	548.030623
-0.163000	-0.063000	545.848795
-0.163000	-0.060200	551.666966
-0.163000	-0.057400	550.038519
-0.163000	-0.054600	535.493062
-0.163000	-0.051800	528.947605
-0.163000	-0.049000	530.402148
-0.163000	-0.046200	538.304567
-0.163000	-0.043400	519.395481
-0.163000	-0.040600	508.486395
-0.163000	-0.037800	505.577310
-0.163000	-0.035000	501.219488
-0.163000	-0.032200	477.946774
-0.163000	-0.029400	462.674059
-0.163000	-0.026600	455.401345
-0.163000	-0.023800	456.128631
-0.163000	-0.021000	446.669242
-0.163000	-0.018200	427.032871
-0.163000	-0.015400	415.396499
-0.163000	-0.012600	411.760128
-0.163000	-0.009800	416.123756
-0.163000	-0.007000	428.487385
-0.163000	-0.004200	437.445781
-0.163000	-0.001400	429.445781
-0.163000	0.001400	429.445781
-0.163000	0.004200	437.445781
-0.163000	0.007000	453.445781
-0.163000	0.009800	477.445781
-0.163000	0.012600	509.445781
-0.163000	0.015400	531.938487
-0.163000	0.018200	543.574858
-0.163000	0.021000	563.211230
-0.163000	0.023800	590.847601
-0.163000	0.026600	626.483973
-0.163000	0.029400	670.120344
-0.163000	0.032200	721.756716
-0.163000	0.035000	781.393087
-0.163000	0.037800	849.029458
-0.163000	0.040600	924.665830
-0.163000	0.043400	1008.302201
-0.163000	0.046200	1099.938573
-0.163000	0.049000	1184.523940
-0.163000	0.051800	1255.796655
-0.163000	0.054600	1335.069369
-0.163000	0.057400	1402.138704
-0.163000	0.060200	1461.047790
-0.163000	0.063000	1501.597069
-0.163000	0.065800	1540.142526
-0.163000	0.068600	1585.143911
-0.129000	-0.068600	569.848805
-0.129000	-0.065800	559.666976
-0.129000	-0.063000	557.485147
-0.129000	-0.060200	563.303319
-0.129000	-0.057400	561.674872
-0.129000	-0.054600	547.129415
-0.129000	-0.051800	540.583958
-0.129000	-0.049000	542.038501
-0.129000	-0.046200	549.940920
-0.129000	-0.043400	531.031834
-0.129000	-0.040600	520.122748
-0.129000	-0.037800	517.213663
-0.129000	-0.035000	512.855841
-0.129000	-0.032200	489.583126
-0.129000	-0.029400	474.310412
-0.129000	-0.026600	467.037698
-0.129000	-0.023800	467.764984
-0.129000	-0.021000	458.305595
-0.129000	-0.018200	438.669223
-0.129000	-0.015400	427.032852
-0.129000	-0.012600	423.396481
-0.129000	-0.009800	427.760109
-0.129000	-0.007000	440.123738
-0.129000	-0.004200	460.487366
-0.129000	-0.001400	477.445781
-0.129000	0.001400	477.445781
-0.129000	0.004200	485.445781
-0.129000	0.007000	501.445781
-0.129000	0.009800	525.445781
-0.129000	0.012600	557.445781
-0.129000	0.015400	579.938487
-0.129000	0.018200	591.574858
-0.129000	0.021000	611.211230
-0.129000	0.023800	638.847601
-0.129000	0.026600	674.483973
-0.129000	0.029400	718.120344
-0.129000	0.032200	769.756716
-0.129000	0.035000	829.393087
-0.129000	0.037800	897.029458
-0.129000	0.040600	972.665830
-0.129000	0.043400	1056.302201
-0.129000	0.046200	1147.938573
-0.129000	0.049000	1232.523940
-0.129000	0.051800	1303.796655
-0.129000	0.054600	1383.069369
-0.129000	0.057400	1450.138704
-0.129000	0.060200	1509.047790
-0.129000	0.063000	1549.597069
-0.129000	0.065800	1588.142526
-0.129000	0.068600	1633.143911
-0.095000	-0.068600	563.098291
-0.095000	-0.065800	552.916462
-0.095000	-0.063000	550.734634
-0.095000	-0.060200	556.552805
-0.095000	-0.057400	565.884197
-0.095000	-0.054600	551.338740
-0.095000	-0.051800	544.793283
-0.095000	-0.049000	546.247826
-0.095000	-0.046200	555.702369
-0.095000	-0.043400	540.000722
-0.095000	-0.040600	529.091636
-0.095000	-0.037800	526.182551
-0.095000	-0.035000	531.273465
-0.095000	-0.032200	509.219479
-0.095000	-0.029400	493.946765
-0.095000	-0.026600	486.674051
-0.095000	-0.023800	487.401337
-0.095000	-0.021000	477.941948
-0.095000	-0.018200	458.305576
-0.095000	-0.015400	446.669205
-0.095000	-0.012600	443.032834
-0.095000	-0.009800	447.396462
-0.095000	-0.007000	459.760091
-0.095000	-0.004200	480.123719
-0.095000	-0.001400	508.487348
-0.095000	0.001400	533.445781
-0.095000	0.004200	541.445781
-0.095000	0.007000	557.445781
-0.095000	0.009800	581.445781
-0.095000	0.012600	613.445781
-0.095000	0.015400	635.938487
-0.095000	0.018200	647.574858
-0.095000	0.021000	667.211230
-0.095000	0.023800	694.847601
-0.095000	0.026600	730.483973
-0.095000	0.029400	774.120344
-0.095000	0.032200	825.756716
-0.095000	0.035000	885.393087
-0.095000	0.037800	953.029458
-0.095000	0.040600	1028.665830
-0.095000	0.043400	1112.302201
-0.095000	0.046200	1203.938573
-0.095000	0.049000	1288.523940
-0.095000	0.051800	1359.796655
-0.095000	0.054600	1439.069369
-0.095000	0.057400	1506.138704
-0.095000	0.060200	1565.047790
-0.095000	0.063000	1605.597069
-0.095000	0.065800	1644.142526
-0.095000	0.068600	1689.143911
-0.061000	-0.068600	554.371018
-0.061000	-0.065800	544.189190
-0.061000	-0.063000	542.007361
-0.061000	-0.060200	547.825532
-0.061000	-0.057400	557.156924
-0.061000	-0.054600	542.611467
-0.061000	-0.051800	536.066010
-0.061000	-0.049000	537.520553
-0.061000	-0.046200	546.975096
-0.061000	-0.043400	531.273449
-0.061000	-0.040600	520.364363
-0.061000	-0.037800	517.455278
-0.061000	-0.035000	522.546192
-0.061000	-0.032200	535.637106
-0.061000	-0.029400	521.583118
-0.061000	-0.026600	514.310404
-0.061000	-0.023800	515.037689
-0.061000	-0.021000	505.578301
-0.061000	-0.018200	485.941929
-0.061000	-0.015400	474.305558
-0.061000	-0.012600	470.669186
-0.061000	-0.009800	475.032815
-0.061000	-0.007000	487.396444
-0.061000	-0.004200	507.760072
-0.061000	-0.001400	536.123701
-0.061000	0.001400	572.487329
-0.061000	0.004200	605.445781
-0.061000	0.007000	621.445781
-0.061000	0.009800	645.445781
-0.061000	0.012600	677.445781
-0.061000	0.015400	699.938487
-0.061000	0.018200	711.574858
-0.061000	0.021000	731.211230
-0.061000	0.023800	758.847601
-0.061000	0.026600	794.483973
-0.061000	0.029400	838.120344
-0.061000	0.032200	889.756716
-0.061000	0.035000	949.393087
-0.061000	0.037800	1017.029458
-0.061000	0.040600	1092.665830
-0.061000	0.043400	1176.302201
-0.061000	0.046200	1267.938573
-0.061000	0.049000	1352.523940
-0.061000	0.051800	1423.796655
-0.061000	0.054600	1503.069369
-0.061000	0.057400	1570.138704
-0.061000	0.060200	1621.291255
-0.061000	0.063000	1651.836712
-0.061000	0.065800	1690.382170
-0.061000	0.068600	1720.609270
-0.027000	-0.068600	553.643745
-0.027000	-0.065800	543.461917
-0.027000	-0.063000	541.280088
-0.027000	-0.060200	547.098259
-0.027000	-0.057400	556.429651
-0.027000	-0.054600	541.884194
-0.027000	-0.051800	535.338737
-0.027000	-0.049000	536.793280
-0.027000	-0.046200	546.247823
-0.027000	-0.043400	530.546176
-0.027000	-0.040600	519.637090
-0.027000	-0.037800	516.728005
-0.027000	-0.035000	521.818919
-0.027000	-0.032200	534.909833
-0.027000	-0.029400	556.000748
-0.027000	-0.026600	549.946757
-0.027000	-0.023800	550.674042
-0.027000	-0.021000	541.214654
-0.027000	-0.018200	521.578282
-0.027000	-0.015400	509.941911
-0.027000	-0.012600	506.305539
-0.027000	-0.009800	510.669168
-0.027000	-0.007000	523.032797
-0.027000	-0.004200	543.396425
-0.027000	-0.001400	571.760054
-0.027000	0.001400	608.123682
-0.027000	0.004200	652.487311
-0.027000	0.007000	693.445781
-0.027000	0.009800	717.445781
-0.027000	0.012600	749.445781
-0.027000	0.015400	771.938487
-0.027000	0.018200	783.574858
-0.027000	0.021000	803.211230
-0.027000	0.023800	830.847601
-0.027000	0.026600	866.483973
-0.027000	0.029400	910.120344
-0.027000	0.032200	961.756716
-0.027000	0.035000	1021.393087
-0.027000	0.037800	1089.029458
-0.027000	0.040600	1164.665830
-0.027000	0.043400	1248.302201
-0.027000	0.046200	1339.938573
-0.027000	0.049000	1424.523940
-0.027000	0.051800	1495.796655
-0.027000	0.054600	1574.429345
-0.027000	0.057400	1625.338430
-0.027000	0.060200	1656.927608
-0.027000	0.063000	1687.473065
-0.027000	0.065800	1726.018523
-0.027000	0.068600	1756.245623
0.007000	-0.068600	560.916472
0.007000	-0.065800	550.734644
0.007000	-0.063000	548.552815
0.007000	-0.060200	554.370986
0.007000	-0.057400	563.702379
0.007000	-0.054600	549.156921
0.007000	-0.051800	542.611464
0.007000	-0.049000	544.066007
0.007000	-0.046200	553.520550
0.007000	-0.043400	537.818903
0.007000	-0.040600	526.909817
0.007000	-0.037800	524.000732
0.007000	-0.035000	529.091646
0.007000	-0.032200	542.182560
0.007000	-0.029400	563.273475
0.007000	-0.026600	592.364389
0.007000	-0.023800	594.310395
0.007000	-0.021000	584.851007
0.007000	-0.018200	565.214635
0.007000	-0.015400	553.578264
0.007000	-0.012600	549.941892
0.007000	-0.009800	554.305521
0.007000	-0.007000	566.669149
0.007000	-0.004200	587.032778
0.007000	-0.001400	615.396407
0.007000	0.001400	651.760035
0.007000	0.004200	696.123664
0.007000	0.007000	738.195740
0.007000	0.009800	762.195740
0.007000	0.012600	794.195740
0.007000	0.015400	834.195740
0.007000	0.018200	863.574858
0.007000	0.021000	883.211230
0.007000	0.023800	910.847601
0.007000	0.026600	946.483973
0.007000	0.029400	990.120344
0.007000	0.032200	1041.756716
0.007000	0.035000	1101.393087
0.007000	0.037800	1169.029458
0.007000	0.040600	1244.665830
0.007000	0.043400	1328.302201
0.007000	0.046200	1419.938573
0.007000	0.049000	1504.523940
0.007000	0.051800	1575.156612
0.007000	0.054600	1618.065698
0.007000	0.057400	1668.974783
0.007000	0.060200	1700.563961
0.007000	0.063000	1731.109418
0.007000	0.065800	1769.654876
0.007000	0.068600	1799.881975
0.041000	-0.068600	576.189199
0.041000	-0.065800	566.007371
0.041000	-0.063000	563.825542
0.041000	-0.060200	569.643714
0.041000	-0.057400	578.975106
0.041000	-0.054600	564.429648
0.041000	-0.051800	557.884191
0.041000	-0.049000	559.338734
0.041000	-0.046200	568.793277
0.041000	-0.043400	553.091630
0.041000	-0.040600	542.182545
0.041000	-0.037800	539.273459
0.041000	-0.035000	544.364373
0.041000	-0.032200	557.455287
0.041000	-0.029400	578.546202
0.041000	-0.026600	607.637116
0.041000	-0.023800	644.728030
0.041000	-0.021000	636.487360
0.041000	-0.018200	616.850988
0.041000	-0.015400	605.214617
0.041000	-0.012600	601.578245
0.041000	-0.009800	605.941874
0.041000	-0.007000	618.305502
0.041000	-0.004200	638.669131
0.041000	-0.001400	667.032760
0.041000	0.001400	703.396388
0.041000	0.004200	747.760017
0.041000	0.007000	789.832093
0.041000	0.009800	813.832093
0.041000	0.012600	845.832093
0.041000	0.015400	885.832093
0.041000	0.018200	933.832093
0.041000	0.021000	971.211230
0.041000	0.023800	998.847601
0.041000	0.026600	1034.483973
0.041000	0.029400	1078.120344
0.041000	0.032200	1129.756716
0.041000	0.035000	1189.393087
0.041000	0.037800	1257.029458
0.041000	0.040600	1332.665830
0.041000	0.043400	1416.302201
0.041000	0.046200	1505.316376
0.041000	0.049000	1568.589090
0.041000	0.051800	1626.792965
0.041000	0.054600	1669.702051
0.041000	0.057400	1720.611136
0.041000	0.060200	1752.200314
0.041000	0.063000	1782.745771
0.041000	0.065800	1821.291228
0.041000	0.068600	1851.518328
0.075000	-0.068600	564.915131
0.075000	-0.065800	554.733303
0.075000	-0.063000	552.551474
0.075000	-0.060200	558.369646
0.075000	-0.057400	567.916295
0.075000	-0.054600	553.370837
0.075000	-0.051800	546.825380
0.075000	-0.049000	548.279923
0.075000	-0.046200	557.734466
0.075000	-0.043400	575.189009
0.075000	-0.040600	565.455272
0.075000	-0.037800	562.546186
0.075000	-0.035000	567.637100
0.075000	-0.032200	580.728014
0.075000	-0.029400	601.818929
0.075000	-0.026600	630.909843
0.075000	-0.023800	668.000757
0.075000	-0.021000	696.123713
0.075000	-0.018200	676.487341
0.075000	-0.015400	664.850970
0.075000	-0.012600	661.214598
0.075000	-0.009800	665.578227
0.075000	-0.007000	677.941855
0.075000	-0.004200	698.305484
0.075000	-0.001400	726.669113
0.075000	0.001400	763.032741
0.075000	0.004200	807.396370
0.075000	0.007000	849.468446
0.075000	0.009800	873.468446
0.075000	0.012600	905.468446
0.075000	0.015400	945.468446
0.075000	0.018200	993.468446
0.075000	0.021000	1049.468446
0.075000	0.023800	1094.847601
0.075000	0.026600	1130.483973
0.075000	0.029400	1174.120344
0.075000	0.032200	1225.756716
0.075000	0.035000	1285.393087
0.075000	0.037800	1353.029458
0.075000	0.040600	1428.665830
0.075000	0.043400	1509.680015
0.075000	0.046200	1564.952729
0.075000	0.049000	1628.225443
0.075000	0.051800	1686.429318
0.075000	0.054600	1729.338404
0.075000	0.057400	1780.247489
0.075000	0.060200	1811.836667
0.075000	0.063000	1842.382124
0.075000	0.065800	1880.927581
0.075000	0.068600	1901.778780
0.109000	-0.068600	559.824214
0.109000	-0.065800	549.642385
0.109000	-0.063000	547.460557
0.109000	-0.060200	553.278728
0.109000	-0.057400	562.825377
0.109000	-0.054600	548.279920
0.109000	-0.051800	541.734463
0.109000	-0.049000	543.189005
0.109000	-0.046200	552.643548
0.109000	-0.043400	570.098091
0.109000	-0.040600	595.552634
0.109000	-0.037800	593.818913
0.109000	-0.035000	598.909827
0.109000	-0.032200	612.000742
0.109000	-0.029400	633.091656
0.109000	-0.026600	662.182570
0.109000	-0.023800	699.273484
0.109000	-0.021000	744.364399
0.109000	-0.018200	744.123694
0.109000	-0.015400	732.487323
0.109000	-0.012600	728.850951
0.109000	-0.009800	733.214580
0.109000	-0.007000	745.578208
0.109000	-0.004200	765.941837
0.109000	-0.001400	794.305465
0.109000	0.001400	830.669094
0.109000	0.004200	875.032723
0.109000	0.007000	917.104799
0.109000	0.009800	941.104799
0.109000	0.012600	973.104799
0.109000	0.015400	1013.104799
0.109000	0.018200	1061.104799
0.109000	0.021000	1117.104799
0.109000	0.023800	1181.104799
0.109000	0.026600	1227.716856
0.109000	0.029400	1271.353227
0.109000	0.032200	1322.989598
0.109000	0.035000	1382.625970
0.109000	0.037800	1450.262341
0.109000	0.040600	1525.898713
0.109000	0.043400	1577.316368
0.109000	0.046200	1632.589082
0.109000	0.049000	1695.861796
0.109000	0.051800	1754.065671
0.109000	0.054600	1796.974756
0.109000	0.057400	1844.128877
0.109000	0.060200	1866.674334
0.109000	0.063000	1897.219791
0.109000	0.065800	1922.869678
0.109000	0.068600	1933.051507
0.143000	-0.068600	562.733296
0.143000	-0.065800	552.551468
0.143000	-0.063000	550.369639
0.143000	-0.060200	556.187810
0.143000	-0.057400	565.734459
0.143000	-0.054600	551.189002
0.143000	-0.051800	544.643545
0.143000	-0.049000	546.098088
0.143000	-0.046200	555.552631
0.143000	-0.043400	573.007174
0.143000	-0.040600	598.461716
0.143000	-0.037800	631.916259
0.143000	-0.035000	638.182554
0.143000	-0.032200	651.273469
0.143000	-0.029400	672.364383
0.143000	-0.026600	701.455297
0.143000	-0.023800	738.546211
0.143000	-0.021000	783.637126
0.143000	-0.018200	819.760047
0.143000	-0.015400	808.123676
0.143000	-0.012600	804.487304
0.143000	-0.009800	808.850933
0.143000	-0.007000	821.214561
0.143000	-0.004200	841.578190
0.143000	-0.001400	869.941818
0.143000	0.001400	906.305447
0.143000	0.004200	950.669076
0.143000	0.007000	992.741152
0.143000	0.009800	1016.741152
0.143000	0.012600	1048.741152
0.143000	0.015400	1088.741152
0.143000	0.018200	1136.741152
0.143000	0.021000	1192.741152
0.143000	0.023800	1256.741152
0.143000	0.026600	1303.353208
0.143000	0.029400	1346.989580
0.143000	0.032200	1398.625951
0.143000	0.035000	1458.262323
0.143000	0.037800	1525.898694
0.143000	0.040600	1601.535066
0.143000	0.043400	1652.952721
0.143000	0.046200	1708.225435
0.143000	0.049000	1771.498149
0.143000	0.051800	1829.702024
0.143000	0.054600	1868.856147
0.143000	0.057400	1883.401604
0.143000	0.060200	1905.947061
0.143000	0.063000	1936.492518
0.143000	0.065800	1962.142405
0.143000	0.068600	1972.324234
0.177000	-0.068600	573.642378
0.177000	-0.065800	563.460550
0.177000	-0.063000	561.278721
0.177000	-0.060200	567.096893
0.177000	-0.057400	576.643542
0.177000	-0.054600	562.098084
0.177000	-0.051800	555.552627
0.177000	-0.049000	557.007170
0.177000	-0.046200	566.461713
0.177000	-0.043400	583.916256
0.177000	-0.040600	609.370799
0.177000	-0.037800	642.825342
0.177000	-0.035000	684.279884
0.177000	-0.032200	698.546196
0.177000	-0.029400	719.637110
0.177000	-0.026600	748.728024
0.177000	-0.023800	785.818938
0.177000	-0.021000	830.909853
0.177000	-0.018200	884.000767
0.177000	-0.015400	891.760028
0.177000	-0.012600	888.123657
0.177000	-0.009800	892.487286
0.177000	-0.007000	904.850914
0.177000	-0.004200	925.214543
0.177000	-0.001400	953.578171
0.177000	0.001400	989.941800
0.177000	0.004200	1034.305428
0.177000	0.007000	1076.377505
0.177000	0.009800	1100.377505
0.177000	0.012600	1132.377505
0.177000	0.015400	1172.377505
0.177000	0.018200	1220.377505
0.177000	0.021000	1276.377505
0.177000	0.023800	1340.377505
0.177000	0.026600	1386.989561
0.177000	0.029400	1430.625933
0.177000	0.032200	1482.262304
0.177000	0.035000	1541.898676
0.177000	0.037800	1609.535047
0.177000	0.040600	1685.171419
0.177000	0.043400	1736.589074
0.177000	0.046200	1791.861788
0.177000	0.049000	1855.134502
0.177000	0.051800	1893.169738
0.177000	0.054600	1916.128874
0.177000	0.057400	1930.674331
0.177000	0.060200	1953.219788
0.177000	0.063000	1983.765246
0.177000	0.065800	2009.415133
0.177000	0.068600	2019.596961
0.211000	-0.068600	564.589417
0.211000	-0.065800	554.407588
0.211000	-0.063000	552.225760
0.211000	-0.060200	558.043931
0.211000	-0.057400	571.862102
0.211000	-0.054600	562.369308
0.211000	-0.051800	555.823851
0.211000	-0.049000	557.278394
0.211000	-0.046200	566.732937
0.211000	-0.043400	584.187480
0.211000	-0.040600	609.642023
0.211000	-0.037800	643.096565
0.211000	-0.035000	684.551108
0.211000	-0.032200	725.308002
0.211000	-0.029400	746.398916
0.211000	-0.026600	775.489830
0.211000	-0.023800	812.580745
0.211000	-0.021000	857.671659
0.211000	-0.018200	910.762573
0.211000	-0.015400	971.853358
0.211000	-0.012600	979.760010
0.211000	-0.009800	984.123639
0.211000	-0.007000	996.487267
0.211000	-0.004200	1016.850896
0.211000	-0.001400	1045.214524
0.211000	0.001400	1081.578153
0.211000	0.004200	1125.941781
0.211000	0.007000	1168.013858
0.211000	0.009800	1192.013858
0.211000	0.012600	1224.013858
0.211000	0.015400	1264.013858
0.211000	0.018200	1312.013858
0.211000	0.021000	1368.013858
0.211000	0.023800	1432.013858
0.211000	0.026600	1478.625914
0.211000	0.029400	1522.262286
0.211000	0.032200	1573.898657
0.211000	0.035000	1633.535029
0.211000	0.037800	1701.171400
0.211000	0.040600	1776.807772
0.211000	0.043400	1828.225427
0.211000	0.046200	1883.498141
0.211000	0.049000	1913.533379
0.211000	0.051800	1948.442465
0.211000	0.054600	1971.401601
0.211000	0.057400	1985.947058
0.211000	0.060200	2008.492515
0.211000	0.063000	2039.037973
0.211000	0.065800	2064.687860
0.211000	0.068600	2074.869688
0.245000	-0.068600	555.134876
0.245000	-0.065800	544.953047
0.245000	-0.063000	542.771218
0.245000	-0.060200	548.589390
0.245000	-0.057400	562.407561
0.245000	-0.054600	552.914767
0.245000	-0.051800	546.369310
0.245000	-0.049000	547.823853
0.245000	-0.046200	557.278396
0.245000	-0.043400	574.732939
0.245000	-0.040600	600.187481
0.245000	-0.037800	633.642024
0.245000	-0.035000	675.096567
0.245000	-0.032200	724.551110
0.245000	-0.029400	773.307998
0.245000	-0.026600	802.398913
0.245000	-0.023800	839.489827
0.245000	-0.021000	884.580741
0.245000	-0.018200	937.671655
0.245000	-0.015400	998.762570
0.245000	-0.012600	1067.853371
0.245000	-0.009800	1083.759992
0.245000	-0.007000	1096.123620
0.245000	-0.004200	1116.487249
0.245000	-0.001400	1144.850877
0.245000	0.001400	1181.214506
0.245000	0.004200	1225.578134
0.245000	0.007000	1267.650211
0.245000	0.009800	1291.650211
0.245000	0.012600	1323.650211
0.245000	0.015400	1363.650211
0.245000	0.018200	1411.650211
0.245000	0.021000	1467.650211
0.245000	0.023800	1531.650211
0.245000	0.026600	1578.262267
0.245000	0.029400	1621.898639
0.245000	0.032200	1673.535010
0.245000	0.035000	1733.171382
0.245000	0.037800	1800.807753
0.245000	0.040600	1849.863261
0.245000	0.043400	1897.135976
0.245000	0.046200	1949.897021
0.245000	0.049000	1976.806106
0.245000	0.051800	2011.715192
0.245000	0.054600	2034.674328
0.245000	0.057400	2049.219785
0.245000	0.060200	2071.765243
0.245000	0.063000	2102.310700
0.245000	0.065800	2120.055685
0.245000	0.068600	2130.237514
0.279000	-0.068600	553.680334
0.279000	-0.065800	543.498506
0.279000	-0.063000	541.316677
0.279000	-0.060200	547.134849
0.279000	-0.057400	560.953020
0.279000	-0.054600	551.460226
0.279000	-0.051800	544.914769
0.279000	-0.049000	546.369312
0.279000	-0.046200	555.823854
0.279000	-0.043400	573.278397
0.279000	-0.040600	598.732940
0.279000	-0.037800	632.187483
0.279000	-0.035000	673.642026
0.279000	-0.032200	723.096569
0.279000	-0.029400	780.551112
0.279000	-0.026600	837.307995
0.279000	-0.023800	874.398909
0.279000	-0.021000	919.489824
0.279000	-0.018200	972.580738
0.279000	-0.015400	1033.671652
0.279000	-0.012600	1102.762566
0.279000	-0.009800	1179.853384
0.279000	-0.007000	1203.759973
0.279000	-0.004200	1224.123602
0.279000	-0.001400	1252.487230
0.279000	0.001400	1288.850859
0.279000	0.004200	1333.214487
0.279000	0.007000	1375.286564
0.279000	0.009800	1399.286564
0.279000	0.012600	1431.286564
0.279000	0.015400	1471.286564
0.279000	0.018200	1519.286564
0.279000	0.021000	1575.286564
0.279000	0.023800	1639.286564
0.279000	0.026600	1685.898620
0.279000	0.029400	1729.534992
0.279000	0.032200	1781.171363
0.279000	0.035000	1840.807735
0.279000	0.037800	1881.863274
0.279000	0.040600	1921.135988
0.279000	0.043400	1968.408703
0.279000	0.046200	2021.169748
0.279000	0.049000	2048.078833
0.279000	0.051800	2082.987919
0.279000	0.054600	2096.033814
0.279000	0.057400	2110.579271
0.279000	0.060200	2133.124728
0.279000	0.063000	2152.782939
0.279000	0.065800	2154.964768
0.279000	0.068600	2165.146596
0.313000	-0.068600	560.225793
0.313000	-0.065800	550.043965
0.313000	-0.063000	547.862136
0.313000	-0.060200	553.680307
0.313000	-0.057400	567.498479
0.313000	-0.054600	558.005685
0.313000	-0.051800	551.460228
0.313000	-0.049000	552.914770
0.313000	-0.046200	562.369313
0.313000	-0.043400	579.823856
0.313000	-0.040600	605.278399
0.313000	-0.037800	638.732942
0.313000	-0.035000	680.187485
0.313000	-0.032200	729.642028
0.313000	-0.029400	787.096570
0.313000	-0.026600	852.551113
0.313000	-0.023800	917.307992
0.313000	-0.021000	962.398906
0.313000	-0.018200	1015.489820
0.313000	-0.015400	1076.580734
0.313000	-0.012600	1145.671649
0.313000	-0.009800	1222.762563
0.313000	-0.007000	1307.853397
0.313000	-0.004200	1339.759955
0.313000	-0.001400	1368.123583
0.313000	0.001400	1404.487212
0.313000	0.004200	1448.850840
0.313000	0.007000	1490.922917
0.313000	0.009800	1514.922917
0.313000	0.012600	1546.922917
0.313000	0.015400	1586.922917
0.313000	0.018200	1634.922917
0.313000	0.021000	1690.922917
0.313000	0.023800	1754.922917
0.313000	0.026600	1798.848370
0.313000	0.029400	1842.484741
0.313000	0.032200	1894.121113
0.313000	0.035000	1929.863287
0.313000	0.037800	1961.136001
0.313000	0.040600	2000.408715
0.313000	0.043400	2047.681430
0.313000	0.046200	2100.442475
0.313000	0.049000	2127.351561
0.313000	0.051800	2132.397439
0.313000	0.054600	2138.942896
0.313000	0.057400	2153.488354
0.313000	0.060200	2176.033811
0.313000	0.063000	2195.692021
0.313000	0.065800	2197.873850
0.313000	0.068600	2208.055678
0.347000	-0.068600	566.632516
0.347000	-0.065800	556.450688
0.347000	-0.063000	554.268859
0.347000	-0.060200	560.087031
0.347000	-0.057400	571.541896
0.347000	-0.054600	556.996438
0.347000	-0.051800	550.450981
0.347000	-0.049000	551.905524
0.347000	-0.046200	561.360067
0.347000	-0.043400	578.814610
0.347000	-0.040600	604.269153
0.347000	-0.037800	637.723696
0.347000	-0.035000	679.178238
0.347000	-0.032200	728.632781
0.347000	-0.029400	786.087324
0.347000	-0.026600	851.541867
0.347000	-0.023800	924.996410
0.347000	-0.021000	1006.450953
0.347000	-0.018200	1066.398903
0.347000	-0.015400	1127.489817
0.347000	-0.012600	1196.580731
0.347000	-0.009800	1273.671645
0.347000	-0.007000	1358.762560
0.347000	-0.004200	1451.853409
0.347000	-0.001400	1491.759936
0.347000	0.001400	1528.123565
0.347000	0.004200	1572.487193
0.347000	0.007000	1614.559270
0.347000	0.009800	1638.559270
0.347000	0.012600	1670.559270
0.347000	0.015400	1710.559270
0.347000	0.018200	1758.559270
0.347000	0.021000	1814.559270
0.347000	0.023800	1850.484725
0.347000	0.026600	1886.121097
0.347000	0.029400	1929.757468
0.347000	0.032200	1981.393840
0.347000	0.035000	2017.136014
0.347000	0.037800	2048.408728
0.347000	0.040600	2087.681443
0.347000	0.043400	2134.954157
0.347000	0.046200	2174.578871
0.347000	0.049000	2184.761064
0.347000	0.051800	2183.306522
0.347000	0.054600	2189.851979
0.347000	0.057400	2204.397436
0.347000	0.060200	2226.942893
0.347000	0.063000	2246.601104
0.347000	0.065800	2248.782932
0.347000	0.068600	2258.964761
0.381000	-0.068600	552.814328
0.381000	-0.065800	542.632500
0.381000	-0.063000	540.450671
0.381000	-0.060200	546.268842
0.381000	-0.057400	557.723707
0.381000	-0.054600	543.178250
0.381000	-0.051800	536.632793
0.381000	-0.049000	538.087336
0.381000	-0.046200	547.541879
0.381000	-0.043400	564.996422
0.381000	-0.040600	590.450964
0.381000	-0.037800	623.905507
0.381000	-0.035000	665.360050
0.381000	-0.032200	714.814593
0.381000	-0.029400	772.269136
0.381000	-0.026600	837.723679
0.381000	-0.023800	911.178222
0.381000	-0.021000	992.632764
0.381000	-0.018200	1082.087307
0.381000	-0.015400	1179.541850
0.381000	-0.012600	1255.489813
0.381000	-0.009800	1332.580728
0.381000	-0.007000	1417.671642
0.381000	-0.004200	1510.762556
0.381000	-0.001400	1611.853422
0.381000	0.001400	1659.759918
0.381000	0.004200	1704.123546
0.381000	0.007000	1746.195623
0.381000	0.009800	1770.195623
0.381000	0.012600	1802.195623
0.381000	0.015400	1842.195623
0.381000	0.018200	1890.195623
0.381000	0.021000	1918.121081
0.381000	0.023800	1945.757452
0.381000	0.026600	1981.393824
0.381000	0.029400	2025.030195
0.381000	0.032200	2076.666567
0.381000	0.035000	2112.408741
0.381000	0.037800	2143.681455
0.381000	0.040600	2182.954170
0.381000	0.043400	2214.578868
0.381000	0.046200	2233.487953
0.381000	0.049000	2243.670147
0.381000	0.051800	2242.215604
0.381000	0.054600	2248.761061
0.381000	0.057400	2263.306518
0.381000	0.060200	2285.851975
0.381000	0.063000	2305.510186
0.381000	0.065800	2307.692015
0.381000	0.068600	2317.873843
0.415000	-0.068600	546.996140
0.415000	-0.065800	536.814311
0.415000	-0.063000	534.632483
0.415000	-0.060200	540.450654
0.415000	-0.057400	551.905519
0.415000	-0.054600	537.360062
0.415000	-0.051800	530.814605
0.415000	-0.049000	532.269148
0.415000	-0.046200	541.723691
0.415000	-0.043400	559.178233
0.415000	-0.040600	584.632776
0.415000	-0.037800	618.087319
0.415000	-0.035000	659.541862
0.415000	-0.032200	708.996405
0.415000	-0.029400	766.450948
0.415000	-0.026600	831.905491
0.415000	-0.023800	905.360033
0.415000	-0.021000	986.814576
0.415000	-0.018200	1076.269119
0.415000	-0.015400	1173.723662
0.415000	-0.012600	1279.178205
0.415000	-0.009800	1392.632748
0.415000	-0.007000	1484.580724
0.415000	-0.004200	1577.671639
0.415000	-0.001400	1678.762553
0.415000	0.001400	1787.853435
0.415000	0.004200	1843.759899
0.415000	0.007000	1885.831976
0.415000	0.009800	1909.831976
0.415000	0.012600	1941.831976
0.415000	0.015400	1981.831976
0.415000	0.018200	2001.757437
0.415000	0.021000	2021.393808
0.415000	0.023800	2049.030179
0.415000	0.026600	2084.666551
0.415000	0.029400	2128.302922
0.415000	0.032200	2173.253502
0.415000	0.035000	2196.526217
0.415000	0.037800	2227.798931
0.415000	0.040600	2267.071645
0.415000	0.043400	2281.487950
0.415000	0.046200	2300.397036
0.415000	0.049000	2310.579229
0.415000	0.051800	2309.124686
0.415000	0.054600	2315.670143
0.415000	0.057400	2330.215601
0.415000	0.060200	2352.761058
0.415000	0.063000	2366.450256
0.415000	0.065800	2368.632085
0.415000	0.068600	2378.813913
0.449000	-0.068600	549.177952
0.449000	-0.065800	538.996123
0.449000	-0.063000	536.814295
0.449000	-0.060200	542.632466
0.449000	-0.057400	554.087331
0.449000	-0.054600	539.541874
0.449000	-0.051800	532.996417
0.449000	-0.049000	534.450959
0.449000	-0.046200	543.905502
0.449000	-0.043400	561.360045
0.449000	-0.040600	586.814588
0.449000	-0.037800	620.269131
0.449000	-0.035000	661.723674
0.449000	-0.032200	711.178217
0.449000	-0.029400	768.632759
0.449000	-0.026600	834.087302
0.449000	-0.023800	907.541845
0.449000	-0.021000	988.996388
0.449000	-0.018200	1078.450931
0.449000	-0.015400	1175.905474
0.449000	-0.012600	1281.360017
0.449000	-0.009800	1394.814559
0.449000	-0.007000	1516.269102
0.449000	-0.004200	1645.723645
0.449000	-0.001400	1753.671635
0.449000	0.001400	1862.762550
0.449000	0.004200	1979.853448
0.449000	0.007000	2033.468329
0.449000	0.009800	2057.468329
0.449000	0.012600	2089.468329
0.449000	0.015400	2101.393792
0.449000	0.018200	2113.030164
0.449000	0.021000	2132.666535
0.449000	0.023800	2160.302907
0.449000	0.026600	2195.939278
0.449000	0.029400	2232.889870
0.449000	0.032200	2248.162585
0.449000	0.035000	2271.435299
0.449000	0.037800	2302.708013
0.449000	0.040600	2341.980728
0.449000	0.043400	2356.397032
0.449000	0.046200	2375.306118
0.449000	0.049000	2385.488312
0.449000	0.051800	2384.033769
0.449000	0.054600	2390.579226
0.449000	0.057400	2405.124683
0.449000	0.060200	2410.813886
0.449000	0.063000	2404.995715
0.449000	0.065800	2407.177543
0.449000	0.068600	2417.359372
0.483000	-0.068600	559.359763
0.483000	-0.065800	549.177935
0.483000	-0.063000	546.996106
0.483000	-0.060200	552.814278
0.483000	-0.057400	564.269143
0.483000	-0.054600	549.723685
0.483000	-0.051800	543.178228
0.483000	-0.049000	544.632771
0.483000	-0.046200	554.087314
0.483000	-0.043400	571.541857
0.483000	-0.040600	596.996400
0.483000	-0.037800	630.450943
0.483000	-0.035000	671.905485
0.483000	-0.032200	721.360028
0.483000	-0.029400	778.814571
0.483000	-0.026600	844.269114
0.483000	-0.023800	917.723657
0.483000	-0.021000	999.178200
0.483000	-0.018200	1088.632743
0.483000	-0.015400	1186.087285
0.483000	-0.012600	1291.541828
0.483000	-0.009800	1404.996371
0.483000	-0.007000	1526.450914
0.483000	-0.004200	1655.905457
0.483000	-0.001400	1793.360000
0.483000	0.001400	1938.814543
0.483000	0.004200	2062.762546
0.483000	0.007000	2187.853460
0.483000	0.009800	2213.104681
0.483000	0.012600	2217.030148
0.483000	0.015400	2220.666519
0.483000	0.018200	2232.302891
0.483000	0.021000	2251.939262
0.483000	0.023800	2248.713804
0.483000	0.026600	2247.986518
0.483000	0.029400	2255.259232
0.483000	0.032200	2270.531947
0.483000	0.035000	2293.804661
0.483000	0.037800	2325.077375
0.483000	0.040600	2355.669758
0.483000	0.043400	2366.578844
0.483000	0.046200	2385.487930
0.483000	0.049000	2395.670123
0.483000	0.051800	2394.215580
0.483000	0.054600	2400.761038
0.483000	0.057400	2415.306495
0.483000	0.060200	2420.995698
0.483000	0.063000	2415.177527
0.483000	0.065800	2417.359355
0.483000	0.068600	2427.541184
