-1.183000	-0.068600	1496.682738
-1.183000	-0.065800	1464.682738
-1.183000	-0.063000	1440.682738
-1.183000	-0.060200	1424.682738
-1.183000	-0.057400	1416.682738
-1.183000	-0.054600	1416.682738
-1.183000	-0.051800	1424.682738
-1.183000	-0.049000	1440.682738
-1.183000	-0.046200	1464.682738
-1.183000	-0.043400	1432.735397
-1.183000	-0.040600	1392.735397
-1.183000	-0.037800	1360.735397
-1.183000	-0.035000	1336.735397
-1.183000	-0.032200	1320.735397
-1.183000	-0.029400	1312.735397
-1.183000	-0.026600	1312.735397
-1.183000	-0.023800	1320.735397
-1.183000	-0.021000	1336.735397
-1.183000	-0.018200	1360.735397
-1.183000	-0.015400	1392.735397
-1.183000	-0.012600	1432.735397
-1.183000	-0.009800	1411.826724
-1.183000	-0.007000	1387.826724
-1.183000	-0.004200	1371.826724
-1.183000	-0.001400	1363.826724
-1.183000	0.001400	1363.826724
-1.183000	0.004200	1371.826724
-1.183000	0.007000	1387.826724
-1.183000	0.009800	1411.826724
-1.183000	0.012600	1443.826724
-1.183000	0.015400	1483.826724
-1.183000	0.018200	1531.826724
-1.183000	0.021000	1587.826724
-1.183000	0.023800	1651.826724
-1.183000	0.026600	1662.741376
-1.183000	0.029400	1662.741376
-1.183000	0.032200	1670.741376
-1.183000	0.035000	1686.741376
-1.183000	0.037800	1710.741376
-1.183000	0.040600	1742.741376
-1.183000	0.043400	1782.741376
-1.183000	0.046200	1830.741376
-1.183000	0.049000	1886.741376
-1.183000	0.051800	1950.741376
-1.183000	0.054600	1948.787195
-1.183000	0.057400	1948.787195
-1.183000	0.060200	1956.787195
-1.183000	0.063000	1972.787195
-1.183000	0.065800	1996.787195
-1.183000	0.068600	2028.787195
-1.149000	-0.068600	1464.682738
-1.149000	-0.065800	1432.682738
-1.149000	-0.063000	1408.682738
-1.149000	-0.060200	1392.682738
-1.149000	-0.057400	1384.682738
-1.149000	-0.054600	1384.682738
-1.149000	-0.051800	1392.682738
-1.149000	-0.049000	1408.682738
-1.149000	-0.046200	1432.682738
-1.149000	-0.043400	1400.735397
-1.149000	-0.040600	1360.735397
-1.149000	-0.037800	1328.735397
-1.149000	-0.035000	1304.735397
-1.149000	-0.032200	1288.735397
-1.149000	-0.029400	1280.735397
-1.149000	-0.026600	1280.735397
-1.149000	-0.023800	1288.735397
-1.149000	-0.021000	1304.735397
-1.149000	-0.018200	1328.735397
-1.149000	-0.015400	1360.735397
-1.149000	-0.012600	1400.735397
-1.149000	-0.009800	1379.826724
-1.149000	-0.007000	1355.826724
-1.149000	-0.004200	1339.826724
-1.149000	-0.001400	1331.826724
-1.149000	0.001400	1331.826724
-1.149000	0.004200	1339.826724
-1.149000	0.007000	1355.826724
-1.149000	0.009800	1379.826724
-1.149000	0.012600	1411.826724
-1.149000	0.015400	1451.826724
-1.149000	0.018200	1499.826724
-1.149000	0.021000	1555.826724
-1.149000	0.023800	1619.826724
-1.149000	0.026600	1630.741376
-1.149000	0.029400	1630.741376
-1.149000	0.032200	1638.741376
-1.149000	0.035000	1654.741376
-1.149000	0.037800	1678.741376
-1.149000	0.040600	1710.741376
-1.149000	0.043400	1750.741376
-1.149000	0.046200	1798.741376
-1.149000	0.049000	1854.741376
-1.149000	0.051800	1918.741376
-1.149000	0.054600	1916.787195
-1.149000	0.057400	1916.787195
-1.149000	0.060200	1924.787195
-1.149000	0.063000	1940.787195
-1.149000	0.065800	1964.787195
-1.149000	0.068600	1996.787195
-1.115000	-0.068600	1440.682738
-1.115000	-0.065800	1408.682738
-1.115000	-0.063000	1384.682738
-1.115000	-0.060200	1368.682738
-1.115000	-0.057400	1360.682738
-1.115000	-0.054600	1360.682738
-1.115000	-0.051800	1368.682738
-1.115000	-0.049000	1384.682738
-1.115000	-0.046200	1408.682738
-1.115000	-0.043400	1376.735397
-1.115000	-0.040600	1336.735397
-1.115000	-0.037800	1304.735397
-1.115000	-0.035000	1280.735397
-1.115000	-0.032200	1264.735397
-1.115000	-0.029400	1256.735397
-1.115000	-0.026600	1256.735397
-1.115000	-0.023800	1264.735397
-1.115000	-0.021000	1280.735397
-1.115000	-0.018200	1304.735397
-1.115000	-0.015400	1336.735397
-1.115000	-0.012600	1376.735397
-1.115000	-0.009800	1355.826724
-1.115000	-0.007000	1331.826724
-1.115000	-0.004200	1315.826724
-1.115000	-0.001400	1307.826724
-1.115000	0.001400	1307.826724
-1.115000	0.004200	1315.826724
-1.115000	0.007000	1331.826724
-1.115000	0.009800	1355.826724
-1.115000	0.012600	1387.826724
-1.115000	0.015400	1427.826724
-1.115000	0.018200	1475.826724
-1.115000	0.021000	1531.826724
-1.115000	0.023800	1595.826724
-1.115000	0.026600	1606.741376
-1.115000	0.029400	1606.741376
-1.115000	0.032200	1614.741376
-1.115000	0.035000	1630.741376
-1.115000	0.037800	1654.741376
-1.115000	0.040600	1686.741376
-1.115000	0.043400	1726.741376
-1.115000	0.046200	1774.741376
-1.115000	0.049000	1830.741376
-1.115000	0.051800	1894.741376
-1.115000	0.054600	1892.787195
-1.115000	0.057400	1892.787195
-1.115000	0.060200	1900.787195
-1.115000	0.063000	1916.787195
-1.115000	0.065800	1940.787195
-1.115000	0.068600	1972.787195
-1.081000	-0.068600	1424.682738
-1.081000	-0.065800	1392.682738
-1.081000	-0.063000	1368.682738
-1.081000	-0.060200	1352.682738
-1.081000	-0.057400	1344.682738
-1.081000	-0.054600	1344.682738
-1.081000	-0.051800	1352.682738
-1.081000	-0.049000	1368.682738
-1.081000	-0.046200	1392.682738
-1.081000	-0.043400	1360.735397
-1.081000	-0.040600	1320.735397
-1.081000	-0.037800	1288.735397
-1.081000	-0.035000	1264.735397
-1.081000	-0.032200	1248.735397
-1.081000	-0.029400	1240.735397
-1.081000	-0.026600	1240.735397
-1.081000	-0.023800	1248.735397
-1.081000	-0.021000	1264.735397
-1.081000	-0.018200	1288.735397
-1.081000	-0.015400	1320.735397
-1.081000	-0.012600	1360.735397
-1.081000	-0.009800	1339.826724
-1.081000	-0.007000	1315.826724
-1.081000	-0.004200	1299.826724
-1.081000	-0.001400	1291.826724
-1.081000	0.001400	1291.826724
-1.081000	0.004200	1299.826724
-1.081000	0.007000	1315.826724
-1.081000	0.009800	1339.826724
-1.081000	0.012600	1371.826724
-1.081000	0.015400	1411.826724
-1.081000	0.018200	1459.826724
-1.081000	0.021000	1515.826724
-1.081000	0.023800	1579.826724
-1.081000	0.026600	1590.741376
-1.081000	0.029400	1590.741376
-1.081000	0.032200	1598.741376
-1.081000	0.035000	1614.741376
-1.081000	0.037800	1638.741376
-1.081000	0.040600	1670.741376
-1.081000	0.043400	1710.741376
-1.081000	0.046200	1758.741376
-1.081000	0.049000	1814.741376
-1.081000	0.051800	1878.741376
-1.081000	0.054600	1876.787195
-1.081000	0.057400	1876.787195
-1.081000	0.060200	1884.787195
-1.081000	0.063000	1900.787195
-1.081000	0.065800	1924.787195
-1.081000	0.068600	1956.787195
-1.047000	-0.068600	1416.682738
-1.047000	-0.065800	1384.682738
-1.047000	-0.063000	1360.682738
-1.047000	-0.060200	1344.682738
-1.047000	-0.057400	1336.682738
-1.047000	-0.054600	1336.682738
-1.047000	-0.051800	1344.682738
-1.047000	-0.049000	1360.682738
-1.047000	-0.046200	1384.682738
-1.047000	-0.043400	1352.735397
-1.047000	-0.040600	1312.735397
-1.047000	-0.037800	1280.735397
-1.047000	-0.035000	1256.735397
-1.047000	-0.032200	1240.735397
-1.047000	-0.029400	1232.735397
-1.047000	-0.026600	1232.735397
-1.047000	-0.023800	1240.735397
-1.047000	-0.021000	1256.735397
-1.047000	-0.018200	1280.735397
-1.047000	-0.015400	1312.735397
-1.047000	-0.012600	1352.735397
-1.047000	-0.009800	1331.826724
-1.047000	-0.007000	1307.826724
-1.047000	-0.004200	1291.826724
-1.047000	-0.001400	1283.826724
-1.047000	0.001400	1283.826724
-1.047000	0.004200	1291.826724
-1.047000	0.007000	1307.826724
-1.047000	0.009800	1331.826724
-1.047000	0.012600	1363.826724
-1.047000	0.015400	1403.826724
-1.047000	0.018200	1451.826724
-1.047000	0.021000	1507.826724
-1.047000	0.023800	1571.826724
-1.047000	0.026600	1582.741376
-1.047000	0.029400	1582.741376
-1.047000	0.032200	1590.741376
-1.047000	0.035000	1606.741376
-1.047000	0.037800	1630.741376
-1.047000	0.040600	1662.741376
-1.047000	0.043400	1702.741376
-1.047000	0.046200	1750.741376
-1.047000	0.049000	1806.741376
-1.047000	0.051800	1870.741376
-1.047000	0.054600	1868.787195
-1.047000	0.057400	1868.787195
-1.047000	0.060200	1876.787195
-1.047000	0.063000	1892.787195
-1.047000	0.065800	1916.787195
-1.047000	0.068600	1948.787195
-1.013000	-0.068600	1416.682738
-1.013000	-0.065800	1384.682738
-1.013000	-0.063000	1360.682738
-1.013000	-0.060200	1344.682738
-1.013000	-0.057400	1336.682738
-1.013000	-0.054600	1336.682738
-1.013000	-0.051800	1344.682738
-1.013000	-0.049000	1360.682738
-1.013000	-0.046200	1384.682738
-1.013000	-0.043400	1352.735397
-1.013000	-0.040600	1312.735397
-1.013000	-0.037800	1280.735397
-1.013000	-0.035000	1256.735397
-1.013000	-0.032200	1240.735397
-1.013000	-0.029400	1232.735397
-1.013000	-0.026600	1232.735397
-1.013000	-0.023800	1240.735397
-1.013000	-0.021000	1256.735397
-1.013000	-0.018200	1280.735397
-1.013000	-0.015400	1312.735397
-1.013000	-0.012600	1352.735397
-1.013000	-0.009800	1322.719356
-1.013000	-0.007000	1298.719356
-1.013000	-0.004200	1282.719356
-1.013000	-0.001400	1274.719356
-1.013000	0.001400	1274.719356
-1.013000	0.004200	1282.719356
-1.013000	0.007000	1298.719356
-1.013000	0.009800	1322.719356
-1.013000	0.012600	1354.719356
-1.013000	0.015400	1394.719356
-1.013000	0.018200	1442.719356
-1.013000	0.021000	1498.719356
-1.013000	0.023800	1562.719356
-1.013000	0.026600	1582.741376
-1.013000	0.029400	1582.741376
-1.013000	0.032200	1590.741376
-1.013000	0.035000	1606.741376
-1.013000	0.037800	1630.741376
-1.013000	0.040600	1662.741376
-1.013000	0.043400	1702.741376
-1.013000	0.046200	1750.741376
-1.013000	0.049000	1806.741376
-1.013000	0.051800	1870.741376
-1.013000	0.054600	1868.787195
-1.013000	0.057400	1868.787195
-1.013000	0.060200	1876.787195
-1.013000	0.063000	1892.787195
-1.013000	0.065800	1916.787195
-1.013000	0.068600	1948.787195
-0.979000	-0.068600	1424.682738
-0.979000	-0.065800	1392.682738
-0.979000	-0.063000	1368.682738
-0.979000	-0.060200	1352.682738
-0.979000	-0.057400	1344.682738
-0.979000	-0.054600	1344.682738
-0.979000	-0.051800	1352.682738
-0.979000	-0.049000	1368.682738
-0.979000	-0.046200	1392.682738
-0.979000	-0.043400	1349.711650
-0.979000	-0.040600	1309.711650
-0.979000	-0.037800	1277.711650
-0.979000	-0.035000	1253.711650
-0.979000	-0.032200	1237.711650
-0.979000	-0.029400	1229.711650
-0.979000	-0.026600	1229.711650
-0.979000	-0.023800	1237.711650
-0.979000	-0.021000	1253.711650
-0.979000	-0.018200	1277.711650
-0.979000	-0.015400	1309.711650
-0.979000	-0.012600	1282.719356
-0.979000	-0.009800	1250.719356
-0.979000	-0.007000	1226.719356
-0.979000	-0.004200	1210.719356
-0.979000	-0.001400	1202.719356
-0.979000	0.001400	1202.719356
-0.979000	0.004200	1210.719356
-0.979000	0.007000	1226.719356
-0.979000	0.009800	1250.719356
-0.979000	0.012600	1282.719356
-0.979000	0.015400	1322.719356
-0.979000	0.018200	1370.719356
-0.979000	0.021000	1426.719356
-0.979000	0.023800	1490.719356
-0.979000	0.026600	1562.719356
-0.979000	0.029400	1590.741376
-0.979000	0.032200	1598.741376
-0.979000	0.035000	1614.741376
-0.979000	0.037800	1638.741376
-0.979000	0.040600	1670.741376
-0.979000	0.043400	1710.741376
-0.979000	0.046200	1758.741376
-0.979000	0.049000	1814.741376
-0.979000	0.051800	1878.741376
-0.979000	0.054600	1876.787195
-0.979000	0.057400	1876.787195
-0.979000	0.060200	1884.787195
-0.979000	0.063000	1900.787195
-0.979000	0.065800	1924.787195
-0.979000	0.068600	1956.787195
-0.945000	-0.068600	1440.682738
-0.945000	-0.065800	1408.682738
-0.945000	-0.063000	1384.682738
-0.945000	-0.060200	1368.682738
-0.945000	-0.057400	1360.682738
-0.945000	-0.054600	1360.682738
-0.945000	-0.051800	1368.682738
-0.945000	-0.049000	1384.682738
-0.945000	-0.046200	1333.711650
-0.945000	-0.043400	1285.711650
-0.945000	-0.040600	1245.711650
-0.945000	-0.037800	1213.711650
-0.945000	-0.035000	1189.711650
-0.945000	-0.032200	1173.711650
-0.945000	-0.029400	1165.711650
-0.945000	-0.026600	1165.711650
-0.945000	-0.023800	1173.711650
-0.945000	-0.021000	1189.711650
-0.945000	-0.018200	1213.711650
-0.945000	-0.015400	1245.711650
-0.945000	-0.012600	1218.719356
-0.945000	-0.009800	1186.719356
-0.945000	-0.007000	1162.719356
-0.945000	-0.004200	1146.719356
-0.945000	-0.001400	1138.719356
-0.945000	0.001400	1138.719356
-0.945000	0.004200	1146.719356
-0.945000	0.007000	1162.719356
-0.945000	0.009800	1186.719356
-0.945000	0.012600	1218.719356
-0.945000	0.015400	1258.719356
-0.945000	0.018200	1306.719356
-0.945000	0.021000	1362.719356
-0.945000	0.023800	1426.719356
-0.945000	0.026600	1498.719356
-0.945000	0.029400	1578.719356
-0.945000	0.032200	1614.741376
-0.945000	0.035000	1630.741376
-0.945000	0.037800	1654.741376
-0.945000	0.040600	1686.741376
-0.945000	0.043400	1726.741376
-0.945000	0.046200	1774.741376
-0.945000	0.049000	1830.741376
-0.945000	0.051800	1894.741376
-0.945000	0.054600	1892.787195
-0.945000	0.057400	1892.787195
-0.945000	0.060200	1900.787195
-0.945000	0.063000	1916.787195
-0.945000	0.065800	1940.787195
-0.945000	0.068600	1972.787195
-0.911000	-0.068600	1464.682738
-0.911000	-0.065800	1432.682738
-0.911000	-0.063000	1408.682738
-0.911000	-0.060200	1392.682738
-0.911000	-0.057400	1384.682738
-0.911000	-0.054600	1384.682738
-0.911000	-0.051800	1392.682738
-0.911000	-0.049000	1333.711650
-0.911000	-0.046200	1277.711650
-0.911000	-0.043400	1229.711650
-0.911000	-0.040600	1189.711650
-0.911000	-0.037800	1157.711650
-0.911000	-0.035000	1133.711650
-0.911000	-0.032200	1117.711650
-0.911000	-0.029400	1109.711650
-0.911000	-0.026600	1109.711650
-0.911000	-0.023800	1117.711650
-0.911000	-0.021000	1133.711650
-0.911000	-0.018200	1157.711650
-0.911000	-0.015400	1189.711650
-0.911000	-0.012600	1162.719356
-0.911000	-0.009800	1130.719356
-0.911000	-0.007000	1106.719356
-0.911000	-0.004200	1090.719356
-0.911000	-0.001400	1082.719356
-0.911000	0.001400	1082.719356
-0.911000	0.004200	1090.719356
-0.911000	0.007000	1106.719356
-0.911000	0.009800	1130.719356
-0.911000	0.012600	1162.719356
-0.911000	0.015400	1202.719356
-0.911000	0.018200	1250.719356
-0.911000	0.021000	1306.719356
-0.911000	0.023800	1370.719356
-0.911000	0.026600	1442.719356
-0.911000	0.029400	1522.719356
-0.911000	0.032200	1589.695930
-0.911000	0.035000	1605.695930
-0.911000	0.037800	1629.695930
-0.911000	0.040600	1661.695930
-0.911000	0.043400	1701.695930
-0.911000	0.046200	1749.695930
-0.911000	0.049000	1805.695930
-0.911000	0.051800	1869.695930
-0.911000	0.054600	1916.787195
-0.911000	0.057400	1916.787195
-0.911000	0.060200	1924.787195
-0.911000	0.063000	1940.787195
-0.911000	0.065800	1964.787195
-0.911000	0.068600	1996.787195
-0.877000	-0.068600	1444.116164
-0.877000	-0.065800	1412.116164
-0.877000	-0.063000	1388.116164
-0.877000	-0.060200	1372.116164
-0.877000	-0.057400	1364.116164
-0.877000	-0.054600	1364.116164
-0.877000	-0.051800	1349.711650
-0.877000	-0.049000	1285.711650
-0.877000	-0.046200	1229.711650
-0.877000	-0.043400	1181.711650
-0.877000	-0.040600	1141.711650
-0.877000	-0.037800	1109.711650
-0.877000	-0.035000	1085.711650
-0.877000	-0.032200	1069.711650
-0.877000	-0.029400	1061.711650
-0.877000	-0.026600	1061.711650
-0.877000	-0.023800	1069.711650
-0.877000	-0.021000	1085.711650
-0.877000	-0.018200	1109.711650
-0.877000	-0.015400	1141.711650
-0.877000	-0.012600	1114.719356
-0.877000	-0.009800	1082.719356
-0.877000	-0.007000	1058.719356
-0.877000	-0.004200	1042.719356
-0.877000	-0.001400	1034.719356
-0.877000	0.001400	1034.719356
-0.877000	0.004200	1042.719356
-0.877000	0.007000	1058.719356
-0.877000	0.009800	1082.719356
-0.877000	0.012600	1114.719356
-0.877000	0.015400	1154.719356
-0.877000	0.018200	1202.719356
-0.877000	0.021000	1258.719356
-0.877000	0.023800	1322.719356
-0.877000	0.026600	1394.719356
-0.877000	0.029400	1474.719356
-0.877000	0.032200	1541.695930
-0.877000	0.035000	1557.695930
-0.877000	0.037800	1581.695930
-0.877000	0.040600	1613.695930
-0.877000	0.043400	1653.695930
-0.877000	0.046200	1701.695930
-0.877000	0.049000	1757.695930
-0.877000	0.051800	1821.695930
-0.877000	0.054600	1893.695930
-0.877000	0.057400	1948.787195
-0.877000	0.060200	1956.787195
-0.877000	0.063000	1972.787195
-0.877000	0.065800	1996.787195
-0.877000	0.068600	2028.787195
-0.843000	-0.068600	1404.116164
-0.843000	-0.065800	1372.116164
-0.843000	-0.063000	1348.116164
-0.843000	-0.060200	1332.116164
-0.843000	-0.057400	1324.116164
-0.843000	-0.054600	1324.116164
-0.843000	-0.051800	1309.711650
-0.843000	-0.049000	1245.711650
-0.843000	-0.046200	1189.711650
-0.843000	-0.043400	1141.711650
-0.843000	-0.040600	1101.711650
-0.843000	-0.037800	1069.711650
-0.843000	-0.035000	1045.711650
-0.843000	-0.032200	1029.711650
-0.843000	-0.029400	1021.711650
-0.843000	-0.026600	1021.711650
-0.843000	-0.023800	1029.711650
-0.843000	-0.021000	1045.711650
-0.843000	-0.018200	1069.711650
-0.843000	-0.015400	1101.711650
-0.843000	-0.012600	1074.719356
-0.843000	-0.009800	1042.719356
-0.843000	-0.007000	1018.719356
-0.843000	-0.004200	1002.719356
-0.843000	-0.001400	994.719356
-0.843000	0.001400	994.719356
-0.843000	0.004200	1002.719356
-0.843000	0.007000	1018.719356
-0.843000	0.009800	1042.719356
-0.843000	0.012600	1074.719356
-0.843000	0.015400	1114.719356
-0.843000	0.018200	1162.719356
-0.843000	0.021000	1218.719356
-0.843000	0.023800	1282.719356
-0.843000	0.026600	1354.719356
-0.843000	0.029400	1434.719356
-0.843000	0.032200	1501.695930
-0.843000	0.035000	1517.695930
-0.843000	0.037800	1541.695930
-0.843000	0.040600	1573.695930
-0.843000	0.043400	1613.695930
-0.843000	0.046200	1661.695930
-0.843000	0.049000	1717.695930
-0.843000	0.051800	1781.695930
-0.843000	0.054600	1853.695930
-0.843000	0.057400	1933.695930
-0.843000	0.060200	1990.872822
-0.843000	0.063000	2006.872822
-0.843000	0.065800	2030.872822
-0.843000	0.068600	2062.872822
-0.809000	-0.068600	1372.116164
-0.809000	-0.065800	1340.116164
-0.809000	-0.063000	1316.116164
-0.809000	-0.060200	1300.116164
-0.809000	-0.057400	1292.116164
-0.809000	-0.054600	1292.116164
-0.809000	-0.051800	1277.711650
-0.809000	-0.049000	1213.711650
-0.809000	-0.046200	1157.711650
-0.809000	-0.043400	1109.711650
-0.809000	-0.040600	1069.711650
-0.809000	-0.037800	1037.711650
-0.809000	-0.035000	1013.711650
-0.809000	-0.032200	997.711650
-0.809000	-0.029400	989.711650
-0.809000	-0.026600	989.711650
-0.809000	-0.023800	997.711650
-0.809000	-0.021000	1013.711650
-0.809000	-0.018200	1037.711650
-0.809000	-0.015400	1069.711650
-0.809000	-0.012600	1042.719356
-0.809000	-0.009800	1010.719356
-0.809000	-0.007000	986.719356
-0.809000	-0.004200	970.719356
-0.809000	-0.001400	962.719356
-0.809000	0.001400	962.719356
-0.809000	0.004200	970.719356
-0.809000	0.007000	986.719356
-0.809000	0.009800	1010.719356
-0.809000	0.012600	1042.719356
-0.809000	0.015400	1082.719356
-0.809000	0.018200	1130.719356
-0.809000	0.021000	1186.719356
-0.809000	0.023800	1250.719356
-0.809000	0.026600	1322.719356
-0.809000	0.029400	1402.719356
-0.809000	0.032200	1469.695930
-0.809000	0.035000	1485.695930
-0.809000	0.037800	1509.695930
-0.809000	0.040600	1541.695930
-0.809000	0.043400	1581.695930
-0.809000	0.046200	1629.695930
-0.809000	0.049000	1685.695930
-0.809000	0.051800	1749.695930
-0.809000	0.054600	1821.695930
-0.809000	0.057400	1901.695930
-0.809000	0.060200	1958.872822
-0.809000	0.063000	1974.872822
-0.809000	0.065800	1998.872822
-0.809000	0.068600	2030.872822
-0.775000	-0.068600	1348.116164
-0.775000	-0.065800	1316.116164
-0.775000	-0.063000	1292.116164
-0.775000	-0.060200	1276.116164
-0.775000	-0.057400	1268.116164
-0.775000	-0.054600	1268.116164
-0.775000	-0.051800	1253.711650
-0.775000	-0.049000	1189.711650
-0.775000	-0.046200	1133.711650
-0.775000	-0.043400	1085.711650
-0.775000	-0.040600	1045.711650
-0.775000	-0.037800	1013.711650
-0.775000	-0.035000	989.711650
-0.775000	-0.032200	973.711650
-0.775000	-0.029400	965.711650
-0.775000	-0.026600	965.711650
-0.775000	-0.023800	973.711650
-0.775000	-0.021000	989.711650
-0.775000	-0.018200	1013.711650
-0.775000	-0.015400	1045.711650
-0.775000	-0.012600	1018.719356
-0.775000	-0.009800	986.719356
-0.775000	-0.007000	962.719356
-0.775000	-0.004200	946.719356
-0.775000	-0.001400	938.719356
-0.775000	0.001400	938.719356
-0.775000	0.004200	946.719356
-0.775000	0.007000	962.719356
-0.775000	0.009800	986.719356
-0.775000	0.012600	1018.719356
-0.775000	0.015400	1058.719356
-0.775000	0.018200	1106.719356
-0.775000	0.021000	1162.719356
-0.775000	0.023800	1226.719356
-0.775000	0.026600	1298.719356
-0.775000	0.029400	1378.719356
-0.775000	0.032200	1445.695930
-0.775000	0.035000	1461.695930
-0.775000	0.037800	1485.695930
-0.775000	0.040600	1517.695930
-0.775000	0.043400	1557.695930
-0.775000	0.046200	1605.695930
-0.775000	0.049000	1661.695930
-0.775000	0.051800	1725.695930
-0.775000	0.054600	1797.695930
-0.775000	0.057400	1877.695930
-0.775000	0.060200	1934.872822
-0.775000	0.063000	1950.872822
-0.775000	0.065800	1974.872822
-0.775000	0.068600	2006.872822
-0.741000	-0.068600	1332.116164
-0.741000	-0.065800	1300.116164
-0.741000	-0.063000	1276.116164
-0.741000	-0.060200	1260.116164
-0.741000	-0.057400	1252.116164
-0.741000	-0.054600	1252.116164
-0.741000	-0.051800	1237.711650
-0.741000	-0.049000	1173.711650
-0.741000	-0.046200	1117.711650
-0.741000	-0.043400	1069.711650
-0.741000	-0.040600	1029.711650
-0.741000	-0.037800	997.711650
-0.741000	-0.035000	973.711650
-0.741000	-0.032200	957.711650
-0.741000	-0.029400	949.711650
-0.741000	-0.026600	949.711650
-0.741000	-0.023800	957.711650
-0.741000	-0.021000	973.711650
-0.741000	-0.018200	997.711650
-0.741000	-0.015400	1029.711650
-0.741000	-0.012600	1002.719356
-0.741000	-0.009800	970.719356
-0.741000	-0.007000	946.719356
-0.741000	-0.004200	930.719356
-0.741000	-0.001400	922.719356
-0.741000	0.001400	922.719356
-0.741000	0.004200	930.719356
-0.741000	0.007000	946.719356
-0.741000	0.009800	970.719356
-0.741000	0.012600	1002.719356
-0.741000	0.015400	1042.719356
-0.741000	0.018200	1090.719356
-0.741000	0.021000	1146.719356
-0.741000	0.023800	1210.719356
-0.741000	0.026600	1282.719356
-0.741000	0.029400	1362.719356
-0.741000	0.032200	1429.695930
-0.741000	0.035000	1445.695930
-0.741000	0.037800	1469.695930
-0.741000	0.040600	1501.695930
-0.741000	0.043400	1541.695930
-0.741000	0.046200	1589.695930
-0.741000	0.049000	1645.695930
-0.741000	0.051800	1709.695930
-0.741000	0.054600	1781.695930
-0.741000	0.057400	1861.695930
-0.741000	0.060200	1918.872822
-0.741000	0.063000	1934.872822
-0.741000	0.065800	1958.872822
-0.741000	0.068600	1990.872822
-0.707000	-0.068600	1324.116164
-0.707000	-0.065800	1292.116164
-0.707000	-0.063000	1268.116164
-0.707000	-0.060200	1252.116164
-0.707000	-0.057400	1244.116164
-0.707000	-0.054600	1244.116164
-0.707000	-0.051800	1229.711650
-0.707000	-0.049000	1165.711650
-0.707000	-0.046200	1109.711650
-0.707000	-0.043400	1061.711650
-0.707000	-0.040600	1021.711650
-0.707000	-0.037800	989.711650
-0.707000	-0.035000	965.711650
-0.707000	-0.032200	949.711650
-0.707000	-0.029400	941.711650
-0.707000	-0.026600	941.711650
-0.707000	-0.023800	949.711650
-0.707000	-0.021000	965.711650
-0.707000	-0.018200	989.711650
-0.707000	-0.015400	1021.711650
-0.707000	-0.012600	994.719356
-0.707000	-0.009800	962.719356
-0.707000	-0.007000	938.719356
-0.707000	-0.004200	922.719356
-0.707000	-0.001400	914.719356
-0.707000	0.001400	914.719356
-0.707000	0.004200	922.719356
-0.707000	0.007000	938.719356
-0.707000	0.009800	962.719356
-0.707000	0.012600	994.719356
-0.707000	0.015400	1034.719356
-0.707000	0.018200	1082.719356
-0.707000	0.021000	1138.719356
-0.707000	0.023800	1202.719356
-0.707000	0.026600	1274.719356
-0.707000	0.029400	1354.719356
-0.707000	0.032200	1421.695930
-0.707000	0.035000	1437.695930
-0.707000	0.037800	1461.695930
-0.707000	0.040600	1493.695930
-0.707000	0.043400	1533.695930
-0.707000	0.046200	1581.695930
-0.707000	0.049000	1637.695930
-0.707000	0.051800	1701.695930
-0.707000	0.054600	1773.695930
-0.707000	0.057400	1853.695930
-0.707000	0.060200	1910.872822
-0.707000	0.063000	1926.872822
-0.707000	0.065800	1950.872822
-0.707000	0.068600	1982.872822
-0.673000	-0.068600	1324.116164
-0.673000	-0.065800	1292.116164
-0.673000	-0.063000	1268.116164
-0.673000	-0.060200	1252.116164
-0.673000	-0.057400	1244.116164
-0.673000	-0.054600	1244.116164
-0.673000	-0.051800	1229.711650
-0.673000	-0.049000	1165.711650
-0.673000	-0.046200	1109.711650
-0.673000	-0.043400	1061.711650
-0.673000	-0.040600	1021.711650
-0.673000	-0.037800	989.711650
-0.673000	-0.035000	965.711650
-0.673000	-0.032200	949.711650
-0.673000	-0.029400	941.711650
-0.673000	-0.026600	941.711650
-0.673000	-0.023800	949.711650
-0.673000	-0.021000	965.711650
-0.673000	-0.018200	989.711650
-0.673000	-0.015400	1021.711650
-0.673000	-0.012600	994.719356
-0.673000	-0.009800	962.719356
-0.673000	-0.007000	938.719356
-0.673000	-0.004200	922.719356
-0.673000	-0.001400	914.719356
-0.673000	0.001400	914.719356
-0.673000	0.004200	922.719356
-0.673000	0.007000	938.719356
-0.673000	0.009800	962.719356
-0.673000	0.012600	994.719356
-0.673000	0.015400	1034.719356
-0.673000	0.018200	1082.719356
-0.673000	0.021000	1138.719356
-0.673000	0.023800	1202.719356
-0.673000	0.026600	1274.719356
-0.673000	0.029400	1354.719356
-0.673000	0.032200	1421.695930
-0.673000	0.035000	1437.695930
-0.673000	0.037800	1461.695930
-0.673000	0.040600	1493.695930
-0.673000	0.043400	1533.695930
-0.673000	0.046200	1581.695930
-0.673000	0.049000	1637.695930
-0.673000	0.051800	1701.695930
-0.673000	0.054600	1773.695930
-0.673000	0.057400	1853.695930
-0.673000	0.060200	1910.872822
-0.673000	0.063000	1926.872822
-0.673000	0.065800	1950.872822
-0.673000	0.068600	1982.872822
-0.639000	-0.068600	1332.116164
-0.639000	-0.065800	1300.116164
-0.639000	-0.063000	1276.116164
-0.639000	-0.060200	1260.116164
-0.639000	-0.057400	1252.116164
-0.639000	-0.054600	1252.116164
-0.639000	-0.051800	1237.711650
-0.639000	-0.049000	1173.711650
-0.639000	-0.046200	1117.711650
-0.639000	-0.043400	1069.711650
-0.639000	-0.040600	1029.711650
-0.639000	-0.037800	997.711650
-0.639000	-0.035000	973.711650
-0.639000	-0.032200	957.711650
-0.639000	-0.029400	949.711650
-0.639000	-0.026600	949.711650
-0.639000	-0.023800	957.711650
-0.639000	-0.021000	973.711650
-0.639000	-0.018200	997.711650
-0.639000	-0.015400	1029.711650
-0.639000	-0.012600	1002.719356
-0.639000	-0.009800	970.719356
-0.639000	-0.007000	946.719356
-0.639000	-0.004200	930.719356
-0.639000	-0.001400	922.719356
-0.639000	0.001400	922.719356
-0.639000	0.004200	930.719356
-0.639000	0.007000	946.719356
-0.639000	0.009800	970.719356
-0.639000	0.012600	1002.719356
-0.639000	0.015400	1042.719356
-0.639000	0.018200	1090.719356
-0.639000	0.021000	1146.719356
-0.639000	0.023800	1210.719356
-0.639000	0.026600	1282.719356
-0.639000	0.029400	1362.719356
-0.639000	0.032200	1429.695930
-0.639000	0.035000	1445.695930
-0.639000	0.037800	1469.695930
-0.639000	0.040600	1501.695930
-0.639000	0.043400	1541.695930
-0.639000	0.046200	1589.695930
-0.639000	0.049000	1645.695930
-0.639000	0.051800	1709.695930
-0.639000	0.054600	1781.695930
-0.639000	0.057400	1861.695930
-0.639000	0.060200	1918.872822
-0.639000	0.063000	1934.872822
-0.639000	0.065800	1958.872822
-0.639000	0.068600	1990.872822
-0.605000	-0.068600	1348.116164
-0.605000	-0.065800	1316.116164
-0.605000	-0.063000	1292.116164
-0.605000	-0.060200	1276.116164
-0.605000	-0.057400	1268.116164
-0.605000	-0.054600	1268.116164
-0.605000	-0.051800	1253.711650
-0.605000	-0.049000	1189.711650
-0.605000	-0.046200	1133.711650
-0.605000	-0.043400	1085.711650
-0.605000	-0.040600	1045.711650
-0.605000	-0.037800	1013.711650
-0.605000	-0.035000	989.711650
-0.605000	-0.032200	973.711650
-0.605000	-0.029400	965.711650
-0.605000	-0.026600	965.711650
-0.605000	-0.023800	973.711650
-0.605000	-0.021000	989.711650
-0.605000	-0.018200	1013.711650
-0.605000	-0.015400	1045.711650
-0.605000	-0.012600	1018.719356
-0.605000	-0.009800	986.719356
-0.605000	-0.007000	962.719356
-0.605000	-0.004200	946.719356
-0.605000	-0.001400	938.719356
-0.605000	0.001400	938.719356
-0.605000	0.004200	946.719356
-0.605000	0.007000	962.719356
-0.605000	0.009800	986.719356
-0.605000	0.012600	1018.719356
-0.605000	0.015400	1058.719356
-0.605000	0.018200	1106.719356
-0.605000	0.021000	1162.719356
-0.605000	0.023800	1226.719356
-0.605000	0.026600	1298.719356
-0.605000	0.029400	1378.719356
-0.605000	0.032200	1445.695930
-0.605000	0.035000	1461.695930
-0.605000	0.037800	1485.695930
-0.605000	0.040600	1517.695930
-0.605000	0.043400	1557.695930
-0.605000	0.046200	1605.695930
-0.605000	0.049000	1661.695930
-0.605000	0.051800	1725.695930
-0.605000	0.054600	1797.695930
-0.605000	0.057400	1877.695930
-0.605000	0.060200	1934.872822
-0.605000	0.063000	1950.872822
-0.605000	0.065800	1974.872822
-0.605000	0.068600	2006.872822
-0.571000	-0.068600	1372.116164
-0.571000	-0.065800	1340.116164
-0.571000	-0.063000	1316.116164
-0.571000	-0.060200	1300.116164
-0.571000	-0.057400	1292.116164
-0.571000	-0.054600	1292.116164
-0.571000	-0.051800	1277.711650
-0.571000	-0.049000	1213.711650
-0.571000	-0.046200	1157.711650
-0.571000	-0.043400	1109.711650
-0.571000	-0.040600	1069.711650
-0.571000	-0.037800	1037.711650
-0.571000	-0.035000	1013.711650
-0.571000	-0.032200	997.711650
-0.571000	-0.029400	989.711650
-0.571000	-0.026600	989.711650
-0.571000	-0.023800	997.711650
-0.571000	-0.021000	1013.711650
-0.571000	-0.018200	1037.711650
-0.571000	-0.015400	1062.825187
-0.571000	-0.012600	1022.825187
-0.571000	-0.009800	990.825187
-0.571000	-0.007000	966.825187
-0.571000	-0.004200	950.825187
-0.571000	-0.001400	942.825187
-0.571000	0.001400	942.825187
-0.571000	0.004200	950.825187
-0.571000	0.007000	966.825187
-0.571000	0.009800	990.825187
-0.571000	0.012600	1022.825187
-0.571000	0.015400	1062.825187
-0.571000	0.018200	1110.825187
-0.571000	0.021000	1166.825187
-0.571000	0.023800	1230.825187
-0.571000	0.026600	1302.825187
-0.571000	0.029400	1382.825187
-0.571000	0.032200	1469.695930
-0.571000	0.035000	1485.695930
-0.571000	0.037800	1509.695930
-0.571000	0.040600	1541.695930
-0.571000	0.043400	1581.695930
-0.571000	0.046200	1629.695930
-0.571000	0.049000	1685.695930
-0.571000	0.051800	1749.695930
-0.571000	0.054600	1821.695930
-0.571000	0.057400	1901.695930
-0.571000	0.060200	1958.872822
-0.571000	0.063000	1974.872822
-0.571000	0.065800	1998.872822
-0.571000	0.068600	2030.872822
-0.537000	-0.068600	1404.116164
-0.537000	-0.065800	1372.116164
-0.537000	-0.063000	1348.116164
-0.537000	-0.060200	1332.116164
-0.537000	-0.057400	1324.116164
-0.537000	-0.054600	1324.116164
-0.537000	-0.051800	1309.711650
-0.537000	-0.049000	1245.711650
-0.537000	-0.046200	1189.711650
-0.537000	-0.043400	1141.711650
-0.537000	-0.040600	1101.711650
-0.537000	-0.037800	1069.711650
-0.537000	-0.035000	1045.711650
-0.537000	-0.032200	1029.711650
-0.537000	-0.029400	1021.711650
-0.537000	-0.026600	1021.711650
-0.537000	-0.023800	1029.711650
-0.537000	-0.021000	1045.711650
-0.537000	-0.018200	1062.825187
-0.537000	-0.015400	1014.825187
-0.537000	-0.012600	974.825187
-0.537000	-0.009800	942.825187
-0.537000	-0.007000	918.825187
-0.537000	-0.004200	902.825187
-0.537000	-0.001400	894.825187
-0.537000	0.001400	894.825187
-0.537000	0.004200	902.825187
-0.537000	0.007000	918.825187
-0.537000	0.009800	942.825187
-0.537000	0.012600	974.825187
-0.537000	0.015400	1014.825187
-0.537000	0.018200	1062.825187
-0.537000	0.021000	1118.825187
-0.537000	0.023800	1182.825187
-0.537000	0.026600	1254.825187
-0.537000	0.029400	1334.825187
-0.537000	0.032200	1422.825187
-0.537000	0.035000	1517.695930
-0.537000	0.037800	1541.695930
-0.537000	0.040600	1573.695930
-0.537000	0.043400	1613.695930
-0.537000	0.046200	1661.695930
-0.537000	0.049000	1717.695930
-0.537000	0.051800	1781.695930
-0.537000	0.054600	1853.695930
-0.537000	0.057400	1933.695930
-0.537000	0.060200	1990.872822
-0.537000	0.063000	2006.872822
-0.537000	0.065800	2030.872822
-0.537000	0.068600	2062.872822
-0.503000	-0.068600	1444.116164
-0.503000	-0.065800	1412.116164
-0.503000	-0.063000	1388.116164
-0.503000	-0.060200	1372.116164
-0.503000	-0.057400	1364.116164
-0.503000	-0.054600	1364.116164
-0.503000	-0.051800	1349.711650
-0.503000	-0.049000	1285.711650
-0.503000	-0.046200	1229.711650
-0.503000	-0.043400	1181.711650
-0.503000	-0.040600	1141.711650
-0.503000	-0.037800	1109.711650
-0.503000	-0.035000	1085.711650
-0.503000	-0.032200	1069.711650
-0.503000	-0.029400	1061.711650
-0.503000	-0.026600	1061.711650
-0.503000	-0.023800	1069.711650
-0.503000	-0.021000	1078.825187
-0.503000	-0.018200	1022.825187
-0.503000	-0.015400	974.825187
-0.503000	-0.012600	934.825187
-0.503000	-0.009800	902.825187
-0.503000	-0.007000	878.825187
-0.503000	-0.004200	862.825187
-0.503000	-0.001400	854.825187
-0.503000	0.001400	854.825187
-0.503000	0.004200	862.825187
-0.503000	0.007000	878.825187
-0.503000	0.009800	902.825187
-0.503000	0.012600	934.825187
-0.503000	0.015400	974.825187
-0.503000	0.018200	1022.825187
-0.503000	0.021000	1078.825187
-0.503000	0.023800	1142.825187
-0.503000	0.026600	1214.825187
-0.503000	0.029400	1294.825187
-0.503000	0.032200	1382.825187
-0.503000	0.035000	1478.825187
-0.503000	0.037800	1558.134676
-0.503000	0.040600	1590.134676
-0.503000	0.043400	1630.134676
-0.503000	0.046200	1678.134676
-0.503000	0.049000	1734.134676
-0.503000	0.051800	1798.134676
-0.503000	0.054600	1870.134676
-0.503000	0.057400	1950.134676
-0.503000	0.060200	2030.872822
-0.503000	0.063000	2046.872822
-0.503000	0.065800	2070.872822
-0.503000	0.068600	2102.872822
-0.469000	-0.068600	1415.248187
-0.469000	-0.065800	1383.248187
-0.469000	-0.063000	1359.248187
-0.469000	-0.060200	1343.248187
-0.469000	-0.057400	1335.248187
-0.469000	-0.054600	1335.248187
-0.469000	-0.051800	1343.248187
-0.469000	-0.049000	1307.730351
-0.469000	-0.046200	1251.730351
-0.469000	-0.043400	1203.730351
-0.469000	-0.040600	1163.730351
-0.469000	-0.037800	1131.730351
-0.469000	-0.035000	1107.730351
-0.469000	-0.032200	1091.730351
-0.469000	-0.029400	1083.730351
-0.469000	-0.026600	1083.730351
-0.469000	-0.023800	1091.730351
-0.469000	-0.021000	1046.825187
-0.469000	-0.018200	990.825187
-0.469000	-0.015400	942.825187
-0.469000	-0.012600	902.825187
-0.469000	-0.009800	870.825187
-0.469000	-0.007000	846.825187
-0.469000	-0.004200	830.825187
-0.469000	-0.001400	822.825187
-0.469000	0.001400	822.825187
-0.469000	0.004200	830.825187
-0.469000	0.007000	846.825187
-0.469000	0.009800	870.825187
-0.469000	0.012600	902.825187
-0.469000	0.015400	942.825187
-0.469000	0.018200	990.825187
-0.469000	0.021000	1046.825187
-0.469000	0.023800	1110.825187
-0.469000	0.026600	1182.825187
-0.469000	0.029400	1262.825187
-0.469000	0.032200	1350.825187
-0.469000	0.035000	1446.825187
-0.469000	0.037800	1526.134676
-0.469000	0.040600	1558.134676
-0.469000	0.043400	1598.134676
-0.469000	0.046200	1646.134676
-0.469000	0.049000	1702.134676
-0.469000	0.051800	1766.134676
-0.469000	0.054600	1838.134676
-0.469000	0.057400	1918.134676
-0.469000	0.060200	2006.134676
-0.469000	0.063000	2094.872822
-0.469000	0.065800	2118.872822
-0.469000	0.068600	2150.872822
-0.435000	-0.068600	1391.248187
-0.435000	-0.065800	1359.248187
-0.435000	-0.063000	1335.248187
-0.435000	-0.060200	1319.248187
-0.435000	-0.057400	1311.248187
-0.435000	-0.054600	1311.248187
-0.435000	-0.051800	1319.248187
-0.435000	-0.049000	1283.730351
-0.435000	-0.046200	1227.730351
-0.435000	-0.043400	1179.730351
-0.435000	-0.040600	1139.730351
-0.435000	-0.037800	1107.730351
-0.435000	-0.035000	1083.730351
-0.435000	-0.032200	1067.730351
-0.435000	-0.029400	1059.730351
-0.435000	-0.026600	1059.730351
-0.435000	-0.023800	1067.730351
-0.435000	-0.021000	1022.825187
-0.435000	-0.018200	966.825187
-0.435000	-0.015400	918.825187
-0.435000	-0.012600	878.825187
-0.435000	-0.009800	846.825187
-0.435000	-0.007000	822.825187
-0.435000	-0.004200	806.825187
-0.435000	-0.001400	798.825187
-0.435000	0.001400	798.825187
-0.435000	0.004200	806.825187
-0.435000	0.007000	822.825187
-0.435000	0.009800	846.825187
-0.435000	0.012600	878.825187
-0.435000	0.015400	918.825187
-0.435000	0.018200	966.825187
-0.435000	0.021000	1022.825187
-0.435000	0.023800	1086.825187
-0.435000	0.026600	1158.825187
-0.435000	0.029400	1238.825187
-0.435000	0.032200	1326.825187
-0.435000	0.035000	1422.825187
-0.435000	0.037800	1502.134676
-0.435000	0.040600	1534.134676
-0.435000	0.043400	1574.134676
-0.435000	0.046200	1622.134676
-0.435000	0.049000	1678.134676
-0.435000	0.051800	1742.134676
-0.435000	0.054600	1814.134676
-0.435000	0.057400	1894.134676
-0.435000	0.060200	1982.134676
-0.435000	0.063000	2078.134676
-0.435000	0.065800	2170.242172
-0.435000	0.068600	2202.242172
-0.401000	-0.068600	1375.248187
-0.401000	-0.065800	1343.248187
-0.401000	-0.063000	1319.248187
-0.401000	-0.060200	1303.248187
-0.401000	-0.057400	1295.248187
-0.401000	-0.054600	1295.248187
-0.401000	-0.051800	1303.248187
-0.401000	-0.049000	1267.730351
-0.401000	-0.046200	1211.730351
-0.401000	-0.043400	1163.730351
-0.401000	-0.040600	1123.730351
-0.401000	-0.037800	1091.730351
-0.401000	-0.035000	1067.730351
-0.401000	-0.032200	1051.730351
-0.401000	-0.029400	1043.730351
-0.401000	-0.026600	1043.730351
-0.401000	-0.023800	1051.730351
-0.401000	-0.021000	1006.825187
-0.401000	-0.018200	950.825187
-0.401000	-0.015400	902.825187
-0.401000	-0.012600	862.825187
-0.401000	-0.009800	830.825187
-0.401000	-0.007000	806.825187
-0.401000	-0.004200	790.825187
-0.401000	-0.001400	782.825187
-0.401000	0.001400	782.825187
-0.401000	0.004200	790.825187
-0.401000	0.007000	806.825187
-0.401000	0.009800	830.825187
-0.401000	0.012600	862.825187
-0.401000	0.015400	902.825187
-0.401000	0.018200	950.825187
-0.401000	0.021000	1006.825187
-0.401000	0.023800	1070.825187
-0.401000	0.026600	1142.825187
-0.401000	0.029400	1222.825187
-0.401000	0.032200	1310.825187
-0.401000	0.035000	1406.825187
-0.401000	0.037800	1486.134676
-0.401000	0.040600	1518.134676
-0.401000	0.043400	1558.134676
-0.401000	0.046200	1606.134676
-0.401000	0.049000	1662.134676
-0.401000	0.051800	1726.134676
-0.401000	0.054600	1798.134676
-0.401000	0.057400	1878.134676
-0.401000	0.060200	1966.134676
-0.401000	0.063000	2062.134676
-0.401000	0.065800	2154.242172
-0.401000	0.068600	2186.242172
-0.367000	-0.068600	1367.248187
-0.367000	-0.065800	1335.248187
-0.367000	-0.063000	1311.248187
-0.367000	-0.060200	1295.248187
-0.367000	-0.057400	1287.248187
-0.367000	-0.054600	1287.248187
-0.367000	-0.051800	1295.248187
-0.367000	-0.049000	1259.730351
-0.367000	-0.046200	1203.730351
-0.367000	-0.043400	1155.730351
-0.367000	-0.040600	1115.730351
-0.367000	-0.037800	1083.730351
-0.367000	-0.035000	1059.730351
-0.367000	-0.032200	1043.730351
-0.367000	-0.029400	1035.730351
-0.367000	-0.026600	1035.730351
-0.367000	-0.023800	1043.730351
-0.367000	-0.021000	998.825187
-0.367000	-0.018200	942.825187
-0.367000	-0.015400	894.825187
-0.367000	-0.012600	854.825187
-0.367000	-0.009800	822.825187
-0.367000	-0.007000	798.825187
-0.367000	-0.004200	782.825187
-0.367000	-0.001400	774.825187
-0.367000	0.001400	774.825187
-0.367000	0.004200	782.825187
-0.367000	0.007000	798.825187
-0.367000	0.009800	822.825187
-0.367000	0.012600	854.825187
-0.367000	0.015400	894.825187
-0.367000	0.018200	942.825187
-0.367000	0.021000	998.825187
-0.367000	0.023800	1062.825187
-0.367000	0.026600	1134.825187
-0.367000	0.029400	1214.825187
-0.367000	0.032200	1302.825187
-0.367000	0.035000	1398.825187
-0.367000	0.037800	1478.134676
-0.367000	0.040600	1510.134676
-0.367000	0.043400	1550.134676
-0.367000	0.046200	1598.134676
-0.367000	0.049000	1654.134676
-0.367000	0.051800	1718.134676
-0.367000	0.054600	1790.134676
-0.367000	0.057400	1870.134676
-0.367000	0.060200	1958.134676
-0.367000	0.063000	2054.134676
-0.367000	0.065800	2146.242172
-0.367000	0.068600	2178.242172
-0.333000	-0.068600	1367.248187
-0.333000	-0.065800	1335.248187
-0.333000	-0.063000	1311.248187
-0.333000	-0.060200	1295.248187
-0.333000	-0.057400	1287.248187
-0.333000	-0.054600	1287.248187
-0.333000	-0.051800	1295.248187
-0.333000	-0.049000	1259.730351
-0.333000	-0.046200	1203.730351
-0.333000	-0.043400	1155.730351
-0.333000	-0.040600	1115.730351
-0.333000	-0.037800	1083.730351
-0.333000	-0.035000	1059.730351
-0.333000	-0.032200	1043.730351
-0.333000	-0.029400	1035.730351
-0.333000	-0.026600	1035.730351
-0.333000	-0.023800	1043.730351
-0.333000	-0.021000	998.825187
-0.333000	-0.018200	942.825187
-0.333000	-0.015400	894.825187
-0.333000	-0.012600	854.825187
-0.333000	-0.009800	822.825187
-0.333000	-0.007000	798.825187
-0.333000	-0.004200	782.825187
-0.333000	-0.001400	774.825187
-0.333000	0.001400	774.825187
-0.333000	0.004200	782.825187
-0.333000	0.007000	798.825187
-0.333000	0.009800	822.825187
-0.333000	0.012600	854.825187
-0.333000	0.015400	894.825187
-0.333000	0.018200	942.825187
-0.333000	0.021000	998.825187
-0.333000	0.023800	1062.825187
-0.333000	0.026600	1134.825187
-0.333000	0.029400	1214.825187
-0.333000	0.032200	1302.825187
-0.333000	0.035000	1398.825187
-0.333000	0.037800	1478.134676
-0.333000	0.040600	1510.134676
-0.333000	0.043400	1550.134676
-0.333000	0.046200	1598.134676
-0.333000	0.049000	1654.134676
-0.333000	0.051800	1718.134676
-0.333000	0.054600	1790.134676
-0.333000	0.057400	1870.134676
-0.333000	0.060200	1958.134676
-0.333000	0.063000	2054.134676
-0.333000	0.065800	2146.242172
-0.333000	0.068600	2178.242172
-0.299000	-0.068600	1375.248187
-0.299000	-0.065800	1343.248187
-0.299000	-0.063000	1319.248187
-0.299000	-0.060200	1303.248187
-0.299000	-0.057400	1295.248187
-0.299000	-0.054600	1295.248187
-0.299000	-0.051800	1303.248187
-0.299000	-0.049000	1267.730351
-0.299000	-0.046200	1211.730351
-0.299000	-0.043400	1163.730351
-0.299000	-0.040600	1123.730351
-0.299000	-0.037800	1091.730351
-0.299000	-0.035000	1067.730351
-0.299000	-0.032200	1051.730351
-0.299000	-0.029400	1043.730351
-0.299000	-0.026600	1043.730351
-0.299000	-0.023800	1051.730351
-0.299000	-0.021000	1006.825187
-0.299000	-0.018200	950.825187
-0.299000	-0.015400	902.825187
-0.299000	-0.012600	862.825187
-0.299000	-0.009800	830.825187
-0.299000	-0.007000	806.825187
-0.299000	-0.004200	790.825187
-0.299000	-0.001400	782.825187
-0.299000	0.001400	782.825187
-0.299000	0.004200	790.825187
-0.299000	0.007000	806.825187
-0.299000	0.009800	830.825187
-0.299000	0.012600	862.825187
-0.299000	0.015400	902.825187
-0.299000	0.018200	950.825187
-0.299000	0.021000	1006.825187
-0.299000	0.023800	1070.825187
-0.299000	0.026600	1142.825187
-0.299000	0.029400	1222.825187
-0.299000	0.032200	1310.825187
-0.299000	0.035000	1406.825187
-0.299000	0.037800	1486.134676
-0.299000	0.040600	1518.134676
-0.299000	0.043400	1558.134676
-0.299000	0.046200	1606.134676
-0.299000	0.049000	1662.134676
-0.299000	0.051800	1726.134676
-0.299000	0.054600	1798.134676
-0.299000	0.057400	1878.134676
-0.299000	0.060200	1966.134676
-0.299000	0.063000	2062.134676
-0.299000	0.065800	2154.242172
-0.299000	0.068600	2186.242172
-0.265000	-0.068600	1391.248187
-0.265000	-0.065800	1359.248187
-0.265000	-0.063000	1335.248187
-0.265000	-0.060200	1319.248187
-0.265000	-0.057400	1311.248187
-0.265000	-0.054600	1311.248187
-0.265000	-0.051800	1319.248187
-0.265000	-0.049000	1283.730351
-0.265000	-0.046200	1227.730351
-0.265000	-0.043400	1179.730351
-0.265000	-0.040600	1139.730351
-0.265000	-0.037800	1107.730351
-0.265000	-0.035000	1083.730351
-0.265000	-0.032200	1067.730351
-0.265000	-0.029400	1059.730351
-0.265000	-0.026600	1059.730351
-0.265000	-0.023800	1067.730351
-0.265000	-0.021000	1022.825187
-0.265000	-0.018200	966.825187
-0.265000	-0.015400	918.825187
-0.265000	-0.012600	878.825187
-0.265000	-0.009800	846.825187
-0.265000	-0.007000	822.825187
-0.265000	-0.004200	806.825187
-0.265000	-0.001400	798.825187
-0.265000	0.001400	798.825187
-0.265000	0.004200	806.825187
-0.265000	0.007000	822.825187
-0.265000	0.009800	846.825187
-0.265000	0.012600	878.825187
-0.265000	0.015400	918.825187
-0.265000	0.018200	966.825187
-0.265000	0.021000	1022.825187
-0.265000	0.023800	1086.825187
-0.265000	0.026600	1158.825187
-0.265000	0.029400	1238.825187
-0.265000	0.032200	1326.825187
-0.265000	0.035000	1422.825187
-0.265000	0.037800	1502.134676
-0.265000	0.040600	1534.134676
-0.265000	0.043400	1574.134676
-0.265000	0.046200	1622.134676
-0.265000	0.049000	1678.134676
-0.265000	0.051800	1742.134676
-0.265000	0.054600	1814.134676
-0.265000	0.057400	1894.134676
-0.265000	0.060200	1982.134676
-0.265000	0.063000	2078.134676
-0.265000	0.065800	2170.242172
-0.265000	0.068600	2202.242172
-0.231000	-0.068600	1415.248187
-0.231000	-0.065800	1383.248187
-0.231000	-0.063000	1359.248187
-0.231000	-0.060200	1343.248187
-0.231000	-0.057400	1335.248187
-0.231000	-0.054600	1335.248187
-0.231000	-0.051800	1343.248187
-0.231000	-0.049000	1307.730351
-0.231000	-0.046200	1251.730351
-0.231000	-0.043400	1203.730351
-0.231000	-0.040600	1163.730351
-0.231000	-0.037800	1131.730351
-0.231000	-0.035000	1107.730351
-0.231000	-0.032200	1091.730351
-0.231000	-0.029400	1083.730351
-0.231000	-0.026600	1083.730351
-0.231000	-0.023800	1091.730351
-0.231000	-0.021000	1046.825187
-0.231000	-0.018200	990.825187
-0.231000	-0.015400	942.825187
-0.231000	-0.012600	902.825187
-0.231000	-0.009800	870.825187
-0.231000	-0.007000	846.825187
-0.231000	-0.004200	830.825187
-0.231000	-0.001400	822.825187
-0.231000	0.001400	822.825187
-0.231000	0.004200	830.825187
-0.231000	0.007000	846.825187
-0.231000	0.009800	870.825187
-0.231000	0.012600	902.825187
-0.231000	0.015400	942.825187
-0.231000	0.018200	990.825187
-0.231000	0.021000	1046.825187
-0.231000	0.023800	1110.825187
-0.231000	0.026600	1182.825187
-0.231000	0.029400	1262.825187
-0.231000	0.032200	1350.825187
-0.231000	0.035000	1446.825187
-0.231000	0.037800	1526.134676
-0.231000	0.040600	1558.134676
-0.231000	0.043400	1598.134676
-0.231000	0.046200	1646.134676
-0.231000	0.049000	1702.134676
-0.231000	0.051800	1766.134676
-0.231000	0.054600	1838.134676
-0.231000	0.057400	1918.134676
-0.231000	0.060200	2006.134676
-0.231000	0.063000	2102.134676
-0.231000	0.065800	2194.242172
-0.231000	0.068600	2226.242172
-0.197000	-0.068600	1447.248187
-0.197000	-0.065800	1415.248187
-0.197000	-0.063000	1391.248187
-0.197000	-0.060200	1375.248187
-0.197000	-0.057400	1367.248187
-0.197000	-0.054600	1367.248187
-0.197000	-0.051800	1375.248187
-0.197000	-0.049000	1339.730351
-0.197000	-0.046200	1283.730351
-0.197000	-0.043400	1235.730351
-0.197000	-0.040600	1195.730351
-0.197000	-0.037800	1163.730351
-0.197000	-0.035000	1139.730351
-0.197000	-0.032200	1123.730351
-0.197000	-0.029400	1115.730351
-0.197000	-0.026600	1115.730351
-0.197000	-0.023800	1123.730351
-0.197000	-0.021000	1078.825187
-0.197000	-0.018200	1022.825187
-0.197000	-0.015400	974.825187
-0.197000	-0.012600	934.825187
-0.197000	-0.009800	902.825187
-0.197000	-0.007000	878.825187
-0.197000	-0.004200	862.825187
-0.197000	-0.001400	854.825187
-0.197000	0.001400	854.825187
-0.197000	0.004200	862.825187
-0.197000	0.007000	878.825187
-0.197000	0.009800	902.825187
-0.197000	0.012600	934.825187
-0.197000	0.015400	974.825187
-0.197000	0.018200	1022.825187
-0.197000	0.021000	1078.825187
-0.197000	0.023800	1142.825187
-0.197000	0.026600	1214.825187
-0.197000	0.029400	1294.825187
-0.197000	0.032200	1382.825187
-0.197000	0.035000	1478.825187
-0.197000	0.037800	1558.134676
-0.197000	0.040600	1590.134676
-0.197000	0.043400	1630.134676
-0.197000	0.046200	1678.134676
-0.197000	0.049000	1734.134676
-0.197000	0.051800	1798.134676
-0.197000	0.054600	1870.134676
-0.197000	0.057400	1950.134676
-0.197000	0.060200	2038.134676
-0.197000	0.063000	2134.134676
-0.197000	0.065800	2226.242172
-0.197000	0.068600	2258.242172
-0.163000	-0.068600	1487.248187
-0.163000	-0.065800	1455.248187
-0.163000	-0.063000	1431.248187
-0.163000	-0.060200	1415.248187
-0.163000	-0.057400	1407.248187
-0.163000	-0.054600	1407.248187
-0.163000	-0.051800	1415.248187
-0.163000	-0.049000	1379.730351
-0.163000	-0.046200	1323.730351
-0.163000	-0.043400	1275.730351
-0.163000	-0.040600	1235.730351
-0.163000	-0.037800	1203.730351
-0.163000	-0.035000	1179.730351
-0.163000	-0.032200	1163.730351
-0.163000	-0.029400	1155.730351
-0.163000	-0.026600	1155.730351
-0.163000	-0.023800	1163.730351
-0.163000	-0.021000	1118.825187
-0.163000	-0.018200	1062.825187
-0.163000	-0.015400	1014.825187
-0.163000	-0.012600	974.825187
-0.163000	-0.009800	942.825187
-0.163000	-0.007000	918.825187
-0.163000	-0.004200	902.825187
-0.163000	-0.001400	894.825187
-0.163000	0.001400	894.825187
-0.163000	0.004200	902.825187
-0.163000	0.007000	918.825187
-0.163000	0.009800	942.825187
-0.163000	0.012600	974.825187
-0.163000	0.015400	1014.825187
-0.163000	0.018200	1062.825187
-0.163000	0.021000	1118.825187
-0.163000	0.023800	1182.825187
-0.163000	0.026600	1254.825187
-0.163000	0.029400	1334.825187
-0.163000	0.032200	1422.825187
-0.163000	0.035000	1518.825187
-0.163000	0.037800	1598.134676
-0.163000	0.040600	1630.134676
-0.163000	0.043400	1670.134676
-0.163000	0.046200	1718.134676
-0.163000	0.049000	1774.134676
-0.163000	0.051800	1838.134676
-0.163000	0.054600	1910.134676
-0.163000	0.057400	1990.134676
-0.163000	0.060200	2078.134676
-0.163000	0.063000	2174.134676
-0.163000	0.065800	2266.242172
-0.163000	0.068600	2298.242172
-0.129000	-0.068600	1535.248187
-0.129000	-0.065800	1503.248187
-0.129000	-0.063000	1479.248187
-0.129000	-0.060200	1463.248187
-0.129000	-0.057400	1455.248187
-0.129000	-0.054600	1455.248187
-0.129000	-0.051800	1463.248187
-0.129000	-0.049000	1427.730351
-0.129000	-0.046200	1371.730351
-0.129000	-0.043400	1323.730351
-0.129000	-0.040600	1283.730351
-0.129000	-0.037800	1251.730351
-0.129000	-0.035000	1227.730351
-0.129000	-0.032200	1211.730351
-0.129000	-0.029400	1203.730351
-0.129000	-0.026600	1203.730351
-0.129000	-0.023800	1211.730351
-0.129000	-0.021000	1166.825187
-0.129000	-0.018200	1110.825187
-0.129000	-0.015400	1062.825187
-0.129000	-0.012600	1022.825187
-0.129000	-0.009800	990.825187
-0.129000	-0.007000	966.825187
-0.129000	-0.004200	950.825187
-0.129000	-0.001400	942.825187
-0.129000	0.001400	942.825187
-0.129000	0.004200	950.825187
-0.129000	0.007000	966.825187
-0.129000	0.009800	990.825187
-0.129000	0.012600	1022.825187
-0.129000	0.015400	1062.825187
-0.129000	0.018200	1110.825187
-0.129000	0.021000	1166.825187
-0.129000	0.023800	1230.825187
-0.129000	0.026600	1302.825187
-0.129000	0.029400	1382.825187
-0.129000	0.032200	1470.825187
-0.129000	0.035000	1566.825187
-0.129000	0.037800	1646.134676
-0.129000	0.040600	1678.134676
-0.129000	0.043400	1718.134676
-0.129000	0.046200	1766.134676
-0.129000	0.049000	1822.134676
-0.129000	0.051800	1886.134676
-0.129000	0.054600	1958.134676
-0.129000	0.057400	2038.134676
-0.129000	0.060200	2126.134676
-0.129000	0.063000	2222.134676
-0.129000	0.065800	2314.242172
-0.129000	0.068600	2346.242172
-0.095000	-0.068600	1512.912958
-0.095000	-0.065800	1480.912958
-0.095000	-0.063000	1456.912958
-0.095000	-0.060200	1440.912958
-0.095000	-0.057400	1432.912958
-0.095000	-0.054600	1432.912958
-0.095000	-0.051800	1440.912958
-0.095000	-0.049000	1456.912958
-0.095000	-0.046200	1427.730351
-0.095000	-0.043400	1379.730351
-0.095000	-0.040600	1339.730351
-0.095000	-0.037800	1307.730351
-0.095000	-0.035000	1283.730351
-0.095000	-0.032200	1267.730351
-0.095000	-0.029400	1259.730351
-0.095000	-0.026600	1259.730351
-0.095000	-0.023800	1267.730351
-0.095000	-0.021000	1222.825187
-0.095000	-0.018200	1166.825187
-0.095000	-0.015400	1118.825187
-0.095000	-0.012600	1078.825187
-0.095000	-0.009800	1046.825187
-0.095000	-0.007000	1022.825187
-0.095000	-0.004200	1006.825187
-0.095000	-0.001400	998.825187
-0.095000	0.001400	998.825187
-0.095000	0.004200	1006.825187
-0.095000	0.007000	1022.825187
-0.095000	0.009800	1046.825187
-0.095000	0.012600	1078.825187
-0.095000	0.015400	1118.825187
-0.095000	0.018200	1166.825187
-0.095000	0.021000	1222.825187
-0.095000	0.023800	1286.825187
-0.095000	0.026600	1358.825187
-0.095000	0.029400	1438.825187
-0.095000	0.032200	1526.825187
-0.095000	0.035000	1622.825187
-0.095000	0.037800	1702.134676
-0.095000	0.040600	1734.134676
-0.095000	0.043400	1774.134676
-0.095000	0.046200	1822.134676
-0.095000	0.049000	1878.134676
-0.095000	0.051800	1942.134676
-0.095000	0.054600	2014.134676
-0.095000	0.057400	2094.134676
-0.095000	0.060200	2182.134676
-0.095000	0.063000	2278.134676
-0.095000	0.065800	2370.242172
-0.095000	0.068600	2402.242172
-0.061000	-0.068600	1496.912958
-0.061000	-0.065800	1464.912958
-0.061000	-0.063000	1440.912958
-0.061000	-0.060200	1424.912958
-0.061000	-0.057400	1416.912958
-0.061000	-0.054600	1416.912958
-0.061000	-0.051800	1424.912958
-0.061000	-0.049000	1440.912958
-0.061000	-0.046200	1446.196033
-0.061000	-0.043400	1398.196033
-0.061000	-0.040600	1358.196033
-0.061000	-0.037800	1326.196033
-0.061000	-0.035000	1302.196033
-0.061000	-0.032200	1286.196033
-0.061000	-0.029400	1278.196033
-0.061000	-0.026600	1278.196033
-0.061000	-0.023800	1286.196033
-0.061000	-0.021000	1286.825187
-0.061000	-0.018200	1230.825187
-0.061000	-0.015400	1182.825187
-0.061000	-0.012600	1142.825187
-0.061000	-0.009800	1110.825187
-0.061000	-0.007000	1086.825187
-0.061000	-0.004200	1070.825187
-0.061000	-0.001400	1062.825187
-0.061000	0.001400	1062.825187
-0.061000	0.004200	1070.825187
-0.061000	0.007000	1086.825187
-0.061000	0.009800	1110.825187
-0.061000	0.012600	1142.825187
-0.061000	0.015400	1182.825187
-0.061000	0.018200	1230.825187
-0.061000	0.021000	1286.825187
-0.061000	0.023800	1350.825187
-0.061000	0.026600	1422.825187
-0.061000	0.029400	1502.825187
-0.061000	0.032200	1590.825187
-0.061000	0.035000	1686.825187
-0.061000	0.037800	1766.134676
-0.061000	0.040600	1798.134676
-0.061000	0.043400	1838.134676
-0.061000	0.046200	1886.134676
-0.061000	0.049000	1942.134676
-0.061000	0.051800	2006.134676
-0.061000	0.054600	2078.134676
-0.061000	0.057400	2158.134676
-0.061000	0.060200	2246.134676
-0.061000	0.063000	2342.134676
-0.061000	0.065800	2434.242172
-0.061000	0.068600	2466.242172
-0.027000	-0.068600	1488.912958
-0.027000	-0.065800	1456.912958
-0.027000	-0.063000	1432.912958
-0.027000	-0.060200	1416.912958
-0.027000	-0.057400	1408.912958
-0.027000	-0.054600	1408.912958
-0.027000	-0.051800	1416.912958
-0.027000	-0.049000	1432.912958
-0.027000	-0.046200	1438.196033
-0.027000	-0.043400	1390.196033
-0.027000	-0.040600	1350.196033
-0.027000	-0.037800	1318.196033
-0.027000	-0.035000	1294.196033
-0.027000	-0.032200	1278.196033
-0.027000	-0.029400	1270.196033
-0.027000	-0.026600	1270.196033
-0.027000	-0.023800	1278.196033
-0.027000	-0.021000	1294.196033
-0.027000	-0.018200	1302.825187
-0.027000	-0.015400	1254.825187
-0.027000	-0.012600	1214.825187
-0.027000	-0.009800	1182.825187
-0.027000	-0.007000	1158.825187
-0.027000	-0.004200	1142.825187
-0.027000	-0.001400	1134.825187
-0.027000	0.001400	1134.825187
-0.027000	0.004200	1142.825187
-0.027000	0.007000	1158.825187
-0.027000	0.009800	1182.825187
-0.027000	0.012600	1214.825187
-0.027000	0.015400	1254.825187
-0.027000	0.018200	1302.825187
-0.027000	0.021000	1358.825187
-0.027000	0.023800	1422.825187
-0.027000	0.026600	1494.825187
-0.027000	0.029400	1574.825187
-0.027000	0.032200	1662.825187
-0.027000	0.035000	1758.825187
-0.027000	0.037800	1838.134676
-0.027000	0.040600	1870.134676
-0.027000	0.043400	1910.134676
-0.027000	0.046200	1958.134676
-0.027000	0.049000	2014.134676
-0.027000	0.051800	2078.134676
-0.027000	0.054600	2150.134676
-0.027000	0.057400	2230.134676
-0.027000	0.060200	2318.134676
-0.027000	0.063000	2414.134676
-0.027000	0.065800	2506.242172
-0.027000	0.068600	2538.242172
0.007000	-0.068600	1488.912958
0.007000	-0.065800	1456.912958
0.007000	-0.063000	1432.912958
0.007000	-0.060200	1416.912958
0.007000	-0.057400	1408.912958
0.007000	-0.054600	1408.912958
0.007000	-0.051800	1416.912958
0.007000	-0.049000	1432.912958
0.007000	-0.046200	1438.196033
0.007000	-0.043400	1390.196033
0.007000	-0.040600	1350.196033
0.007000	-0.037800	1318.196033
0.007000	-0.035000	1294.196033
0.007000	-0.032200	1278.196033
0.007000	-0.029400	1270.196033
0.007000	-0.026600	1270.196033
0.007000	-0.023800	1278.196033
0.007000	-0.021000	1294.196033
0.007000	-0.018200	1318.196033
0.007000	-0.015400	1334.825187
0.007000	-0.012600	1294.825187
0.007000	-0.009800	1262.825187
0.007000	-0.007000	1238.825187
0.007000	-0.004200	1222.825187
0.007000	-0.001400	1214.825187
0.007000	0.001400	1214.825187
0.007000	0.004200	1222.825187
0.007000	0.007000	1238.825187
0.007000	0.009800	1262.825187
0.007000	0.012600	1294.825187
0.007000	0.015400	1334.825187
0.007000	0.018200	1382.825187
0.007000	0.021000	1438.825187
0.007000	0.023800	1502.825187
0.007000	0.026600	1574.825187
0.007000	0.029400	1654.825187
0.007000	0.032200	1742.825187
0.007000	0.035000	1838.825187
0.007000	0.037800	1918.134676
0.007000	0.040600	1950.134676
0.007000	0.043400	1990.134676
0.007000	0.046200	2038.134676
0.007000	0.049000	2094.134676
0.007000	0.051800	2158.134676
0.007000	0.054600	2230.134676
0.007000	0.057400	2310.134676
0.007000	0.060200	2398.134676
0.007000	0.063000	2494.134676
0.007000	0.065800	2581.806849
0.007000	0.068600	2613.806849
0.041000	-0.068600	1496.912958
0.041000	-0.065800	1464.912958
0.041000	-0.063000	1440.912958
0.041000	-0.060200	1424.912958
0.041000	-0.057400	1416.912958
0.041000	-0.054600	1416.912958
0.041000	-0.051800	1424.912958
0.041000	-0.049000	1440.912958
0.041000	-0.046200	1446.196033
0.041000	-0.043400	1398.196033
0.041000	-0.040600	1358.196033
0.041000	-0.037800	1326.196033
0.041000	-0.035000	1302.196033
0.041000	-0.032200	1286.196033
0.041000	-0.029400	1278.196033
0.041000	-0.026600	1278.196033
0.041000	-0.023800	1286.196033
0.041000	-0.021000	1302.196033
0.041000	-0.018200	1326.196033
0.041000	-0.015400	1358.196033
0.041000	-0.012600	1382.825187
0.041000	-0.009800	1350.825187
0.041000	-0.007000	1326.825187
0.041000	-0.004200	1310.825187
0.041000	-0.001400	1302.825187
0.041000	0.001400	1302.825187
0.041000	0.004200	1310.825187
0.041000	0.007000	1326.825187
0.041000	0.009800	1350.825187
0.041000	0.012600	1382.825187
0.041000	0.015400	1422.825187
0.041000	0.018200	1470.825187
0.041000	0.021000	1526.825187
0.041000	0.023800	1590.825187
0.041000	0.026600	1662.825187
0.041000	0.029400	1742.825187
0.041000	0.032200	1830.825187
0.041000	0.035000	1926.825187
0.041000	0.037800	2006.134676
0.041000	0.040600	2038.134676
0.041000	0.043400	2078.134676
0.041000	0.046200	2126.134676
0.041000	0.049000	2182.134676
0.041000	0.051800	2246.134676
0.041000	0.054600	2318.134676
0.041000	0.057400	2398.134676
0.041000	0.060200	2486.134676
0.041000	0.063000	2565.806849
0.041000	0.065800	2589.806849
0.041000	0.068600	2621.806849
0.075000	-0.068600	1512.912958
0.075000	-0.065800	1480.912958
0.075000	-0.063000	1456.912958
0.075000	-0.060200	1440.912958
0.075000	-0.057400	1432.912958
0.075000	-0.054600	1432.912958
0.075000	-0.051800	1440.912958
0.075000	-0.049000	1456.912958
0.075000	-0.046200	1462.196033
0.075000	-0.043400	1414.196033
0.075000	-0.040600	1374.196033
0.075000	-0.037800	1342.196033
0.075000	-0.035000	1318.196033
0.075000	-0.032200	1302.196033
0.075000	-0.029400	1294.196033
0.075000	-0.026600	1294.196033
0.075000	-0.023800	1302.196033
0.075000	-0.021000	1318.196033
0.075000	-0.018200	1342.196033
0.075000	-0.015400	1374.196033
0.075000	-0.012600	1414.196033
0.075000	-0.009800	1446.825187
0.075000	-0.007000	1422.825187
0.075000	-0.004200	1406.825187
0.075000	-0.001400	1398.825187
0.075000	0.001400	1398.825187
0.075000	0.004200	1406.825187
0.075000	0.007000	1422.825187
0.075000	0.009800	1446.825187
0.075000	0.012600	1478.825187
0.075000	0.015400	1518.825187
0.075000	0.018200	1566.825187
0.075000	0.021000	1622.825187
0.075000	0.023800	1686.825187
0.075000	0.026600	1758.825187
0.075000	0.029400	1838.825187
0.075000	0.032200	1926.825187
0.075000	0.035000	2022.825187
0.075000	0.037800	2102.134676
0.075000	0.040600	2134.134676
0.075000	0.043400	2174.134676
0.075000	0.046200	2222.134676
0.075000	0.049000	2278.134676
0.075000	0.051800	2342.134676
0.075000	0.054600	2414.134676
0.075000	0.057400	2494.134676
0.075000	0.060200	2565.806849
0.075000	0.063000	2581.806849
0.075000	0.065800	2605.806849
0.075000	0.068600	2637.806849
0.109000	-0.068600	1536.912958
0.109000	-0.065800	1504.912958
0.109000	-0.063000	1480.912958
0.109000	-0.060200	1464.912958
0.109000	-0.057400	1456.912958
0.109000	-0.054600	1456.912958
0.109000	-0.051800	1464.912958
0.109000	-0.049000	1480.912958
0.109000	-0.046200	1486.196033
0.109000	-0.043400	1438.196033
0.109000	-0.040600	1398.196033
0.109000	-0.037800	1366.196033
0.109000	-0.035000	1342.196033
0.109000	-0.032200	1326.196033
0.109000	-0.029400	1318.196033
0.109000	-0.026600	1318.196033
0.109000	-0.023800	1326.196033
0.109000	-0.021000	1342.196033
0.109000	-0.018200	1366.196033
0.109000	-0.015400	1398.196033
0.109000	-0.012600	1438.196033
0.109000	-0.009800	1486.196033
0.109000	-0.007000	1526.825187
0.109000	-0.004200	1510.825187
0.109000	-0.001400	1502.825187
0.109000	0.001400	1502.825187
0.109000	0.004200	1510.825187
0.109000	0.007000	1526.825187
0.109000	0.009800	1550.825187
0.109000	0.012600	1582.825187
0.109000	0.015400	1622.825187
0.109000	0.018200	1670.825187
0.109000	0.021000	1726.825187
0.109000	0.023800	1790.825187
0.109000	0.026600	1862.825187
0.109000	0.029400	1942.825187
0.109000	0.032200	2030.825187
0.109000	0.035000	2126.825187
0.109000	0.037800	2206.134676
0.109000	0.040600	2238.134676
0.109000	0.043400	2278.134676
0.109000	0.046200	2326.134676
0.109000	0.049000	2382.134676
0.109000	0.051800	2446.134676
0.109000	0.054600	2518.134676
0.109000	0.057400	2581.806849
0.109000	0.060200	2589.806849
0.109000	0.063000	2605.806849
0.109000	0.065800	2629.806849
0.109000	0.068600	2661.806849
0.143000	-0.068600	1568.912958
0.143000	-0.065800	1536.912958
0.143000	-0.063000	1512.912958
0.143000	-0.060200	1496.912958
0.143000	-0.057400	1488.912958
0.143000	-0.054600	1488.912958
0.143000	-0.051800	1496.912958
0.143000	-0.049000	1512.912958
0.143000	-0.046200	1518.196033
0.143000	-0.043400	1470.196033
0.143000	-0.040600	1430.196033
0.143000	-0.037800	1398.196033
0.143000	-0.035000	1374.196033
0.143000	-0.032200	1358.196033
0.143000	-0.029400	1350.196033
0.143000	-0.026600	1350.196033
0.143000	-0.023800	1358.196033
0.143000	-0.021000	1374.196033
0.143000	-0.018200	1398.196033
0.143000	-0.015400	1430.196033
0.143000	-0.012600	1470.196033
0.143000	-0.009800	1518.196033
0.143000	-0.007000	1574.196033
0.143000	-0.004200	1622.825187
0.143000	-0.001400	1614.825187
0.143000	0.001400	1614.825187
0.143000	0.004200	1622.825187
0.143000	0.007000	1638.825187
0.143000	0.009800	1662.825187
0.143000	0.012600	1694.825187
0.143000	0.015400	1734.825187
0.143000	0.018200	1782.825187
0.143000	0.021000	1838.825187
0.143000	0.023800	1902.825187
0.143000	0.026600	1974.825187
0.143000	0.029400	2054.825187
0.143000	0.032200	2142.825187
0.143000	0.035000	2238.825187
0.143000	0.037800	2282.092770
0.143000	0.040600	2314.092770
0.143000	0.043400	2354.092770
0.143000	0.046200	2402.092770
0.143000	0.049000	2458.092770
0.143000	0.051800	2522.092770
0.143000	0.054600	2594.092770
0.143000	0.057400	2613.806849
0.143000	0.060200	2621.806849
0.143000	0.063000	2637.806849
0.143000	0.065800	2661.806849
0.143000	0.068600	2693.806849
0.177000	-0.068600	1608.912958
0.177000	-0.065800	1576.912958
0.177000	-0.063000	1552.912958
0.177000	-0.060200	1536.912958
0.177000	-0.057400	1528.912958
0.177000	-0.054600	1528.912958
0.177000	-0.051800	1536.912958
0.177000	-0.049000	1552.912958
0.177000	-0.046200	1558.196033
0.177000	-0.043400	1510.196033
0.177000	-0.040600	1470.196033
0.177000	-0.037800	1438.196033
0.177000	-0.035000	1414.196033
0.177000	-0.032200	1398.196033
0.177000	-0.029400	1390.196033
0.177000	-0.026600	1390.196033
0.177000	-0.023800	1398.196033
0.177000	-0.021000	1414.196033
0.177000	-0.018200	1438.196033
0.177000	-0.015400	1470.196033
0.177000	-0.012600	1510.196033
0.177000	-0.009800	1558.196033
0.177000	-0.007000	1614.196033
0.177000	-0.004200	1678.196033
0.177000	-0.001400	1723.380412
0.177000	0.001400	1723.380412
0.177000	0.004200	1731.380412
0.177000	0.007000	1747.380412
0.177000	0.009800	1771.380412
0.177000	0.012600	1803.380412
0.177000	0.015400	1843.380412
0.177000	0.018200	1891.380412
0.177000	0.021000	1947.380412
0.177000	0.023800	2011.380412
0.177000	0.026600	2083.380412
0.177000	0.029400	2163.380412
0.177000	0.032200	2251.380412
0.177000	0.035000	2298.092770
0.177000	0.037800	2322.092770
0.177000	0.040600	2354.092770
0.177000	0.043400	2394.092770
0.177000	0.046200	2442.092770
0.177000	0.049000	2498.092770
0.177000	0.051800	2562.092770
0.177000	0.054600	2634.092770
0.177000	0.057400	2653.806849
0.177000	0.060200	2661.806849
0.177000	0.063000	2677.806849
0.177000	0.065800	2701.806849
0.177000	0.068600	2733.806849
0.211000	-0.068600	1584.332046
0.211000	-0.065800	1552.332046
0.211000	-0.063000	1528.332046
0.211000	-0.060200	1512.332046
0.211000	-0.057400	1504.332046
0.211000	-0.054600	1504.332046
0.211000	-0.051800	1512.332046
0.211000	-0.049000	1528.332046
0.211000	-0.046200	1552.332046
0.211000	-0.043400	1558.196033
0.211000	-0.040600	1518.196033
0.211000	-0.037800	1486.196033
0.211000	-0.035000	1462.196033
0.211000	-0.032200	1446.196033
0.211000	-0.029400	1438.196033
0.211000	-0.026600	1438.196033
0.211000	-0.023800	1446.196033
0.211000	-0.021000	1462.196033
0.211000	-0.018200	1486.196033
0.211000	-0.015400	1518.196033
0.211000	-0.012600	1558.196033
0.211000	-0.009800	1606.196033
0.211000	-0.007000	1662.196033
0.211000	-0.004200	1726.196033
0.211000	-0.001400	1771.380412
0.211000	0.001400	1771.380412
0.211000	0.004200	1779.380412
0.211000	0.007000	1795.380412
0.211000	0.009800	1819.380412
0.211000	0.012600	1851.380412
0.211000	0.015400	1891.380412
0.211000	0.018200	1939.380412
0.211000	0.021000	1995.380412
0.211000	0.023800	2059.380412
0.211000	0.026600	2131.380412
0.211000	0.029400	2211.380412
0.211000	0.032200	2299.380412
0.211000	0.035000	2346.092770
0.211000	0.037800	2370.092770
0.211000	0.040600	2402.092770
0.211000	0.043400	2442.092770
0.211000	0.046200	2490.092770
0.211000	0.049000	2546.092770
0.211000	0.051800	2610.092770
0.211000	0.054600	2682.092770
0.211000	0.057400	2701.806849
0.211000	0.060200	2709.806849
0.211000	0.063000	2725.806849
0.211000	0.065800	2749.806849
0.211000	0.068600	2781.806849
0.245000	-0.068600	1560.332046
0.245000	-0.065800	1528.332046
0.245000	-0.063000	1504.332046
0.245000	-0.060200	1488.332046
0.245000	-0.057400	1480.332046
0.245000	-0.054600	1480.332046
0.245000	-0.051800	1488.332046
0.245000	-0.049000	1504.332046
0.245000	-0.046200	1528.332046
0.245000	-0.043400	1560.332046
0.245000	-0.040600	1574.196033
0.245000	-0.037800	1542.196033
0.245000	-0.035000	1518.196033
0.245000	-0.032200	1502.196033
0.245000	-0.029400	1494.196033
0.245000	-0.026600	1494.196033
0.245000	-0.023800	1502.196033
0.245000	-0.021000	1518.196033
0.245000	-0.018200	1542.196033
0.245000	-0.015400	1574.196033
0.245000	-0.012600	1614.196033
0.245000	-0.009800	1662.196033
0.245000	-0.007000	1718.196033
0.245000	-0.004200	1782.196033
0.245000	-0.001400	1827.380412
0.245000	0.001400	1827.380412
0.245000	0.004200	1835.380412
0.245000	0.007000	1851.380412
0.245000	0.009800	1875.380412
0.245000	0.012600	1907.380412
0.245000	0.015400	1947.380412
0.245000	0.018200	1995.380412
0.245000	0.021000	2051.380412
0.245000	0.023800	2115.380412
0.245000	0.026600	2187.380412
0.245000	0.029400	2267.380412
0.245000	0.032200	2355.380412
0.245000	0.035000	2402.092770
0.245000	0.037800	2426.092770
0.245000	0.040600	2458.092770
0.245000	0.043400	2498.092770
0.245000	0.046200	2546.092770
0.245000	0.049000	2602.092770
0.245000	0.051800	2666.092770
0.245000	0.054600	2738.092770
0.245000	0.057400	2757.806849
0.245000	0.060200	2765.806849
0.245000	0.063000	2781.806849
0.245000	0.065800	2805.806849
0.245000	0.068600	2837.806849
0.279000	-0.068600	1544.332046
0.279000	-0.065800	1512.332046
0.279000	-0.063000	1488.332046
0.279000	-0.060200	1472.332046
0.279000	-0.057400	1464.332046
0.279000	-0.054600	1464.332046
0.279000	-0.051800	1472.332046
0.279000	-0.049000	1488.332046
0.279000	-0.046200	1512.332046
0.279000	-0.043400	1544.332046
0.279000	-0.040600	1584.332046
0.279000	-0.037800	1606.196033
0.279000	-0.035000	1582.196033
0.279000	-0.032200	1566.196033
0.279000	-0.029400	1558.196033
0.279000	-0.026600	1558.196033
0.279000	-0.023800	1566.196033
0.279000	-0.021000	1582.196033
0.279000	-0.018200	1606.196033
0.279000	-0.015400	1638.196033
0.279000	-0.012600	1678.196033
0.279000	-0.009800	1726.196033
0.279000	-0.007000	1782.196033
0.279000	-0.004200	1846.196033
0.279000	-0.001400	1891.380412
0.279000	0.001400	1891.380412
0.279000	0.004200	1899.380412
0.279000	0.007000	1915.380412
0.279000	0.009800	1939.380412
0.279000	0.012600	1971.380412
0.279000	0.015400	2011.380412
0.279000	0.018200	2059.380412
0.279000	0.021000	2115.380412
0.279000	0.023800	2179.380412
0.279000	0.026600	2251.380412
0.279000	0.029400	2331.380412
0.279000	0.032200	2419.380412
0.279000	0.035000	2466.092770
0.279000	0.037800	2490.092770
0.279000	0.040600	2522.092770
0.279000	0.043400	2562.092770
0.279000	0.046200	2610.092770
0.279000	0.049000	2666.092770
0.279000	0.051800	2730.092770
0.279000	0.054600	2802.092770
0.279000	0.057400	2821.806849
0.279000	0.060200	2829.806849
0.279000	0.063000	2845.806849
0.279000	0.065800	2869.806849
0.279000	0.068600	2901.806849
0.313000	-0.068600	1536.332046
0.313000	-0.065800	1504.332046
0.313000	-0.063000	1480.332046
0.313000	-0.060200	1464.332046
0.313000	-0.057400	1456.332046
0.313000	-0.054600	1456.332046
0.313000	-0.051800	1464.332046
0.313000	-0.049000	1480.332046
0.313000	-0.046200	1504.332046
0.313000	-0.043400	1536.332046
0.313000	-0.040600	1576.332046
0.313000	-0.037800	1624.332046
0.313000	-0.035000	1654.196033
0.313000	-0.032200	1638.196033
0.313000	-0.029400	1630.196033
0.313000	-0.026600	1630.196033
0.313000	-0.023800	1638.196033
0.313000	-0.021000	1654.196033
0.313000	-0.018200	1678.196033
0.313000	-0.015400	1710.196033
0.313000	-0.012600	1750.196033
0.313000	-0.009800	1798.196033
0.313000	-0.007000	1854.196033
0.313000	-0.004200	1918.196033
0.313000	-0.001400	1963.380412
0.313000	0.001400	1963.380412
0.313000	0.004200	1971.380412
0.313000	0.007000	1987.380412
0.313000	0.009800	2011.380412
0.313000	0.012600	2043.380412
0.313000	0.015400	2083.380412
0.313000	0.018200	2131.380412
0.313000	0.021000	2187.380412
0.313000	0.023800	2251.380412
0.313000	0.026600	2323.380412
0.313000	0.029400	2403.380412
0.313000	0.032200	2491.380412
0.313000	0.035000	2538.092770
0.313000	0.037800	2562.092770
0.313000	0.040600	2594.092770
0.313000	0.043400	2634.092770
0.313000	0.046200	2682.092770
0.313000	0.049000	2738.092770
0.313000	0.051800	2802.092770
0.313000	0.054600	2874.092770
0.313000	0.057400	2893.806849
0.313000	0.060200	2901.806849
0.313000	0.063000	2917.806849
0.313000	0.065800	2941.806849
0.313000	0.068600	2973.806849
0.347000	-0.068600	1536.332046
0.347000	-0.065800	1504.332046
0.347000	-0.063000	1480.332046
0.347000	-0.060200	1464.332046
0.347000	-0.057400	1456.332046
0.347000	-0.054600	1456.332046
0.347000	-0.051800	1464.332046
0.347000	-0.049000	1480.332046
0.347000	-0.046200	1504.332046
0.347000	-0.043400	1536.332046
0.347000	-0.040600	1576.332046
0.347000	-0.037800	1624.332046
0.347000	-0.035000	1680.332046
0.347000	-0.032200	1718.196033
0.347000	-0.029400	1710.196033
0.347000	-0.026600	1710.196033
0.347000	-0.023800	1718.196033
0.347000	-0.021000	1734.196033
0.347000	-0.018200	1758.196033
0.347000	-0.015400	1790.196033
0.347000	-0.012600	1830.196033
0.347000	-0.009800	1878.196033
0.347000	-0.007000	1934.196033
0.347000	-0.004200	1998.196033
0.347000	-0.001400	2043.380412
0.347000	0.001400	2043.380412
0.347000	0.004200	2051.380412
0.347000	0.007000	2067.380412
0.347000	0.009800	2091.380412
0.347000	0.012600	2123.380412
0.347000	0.015400	2163.380412
0.347000	0.018200	2211.380412
0.347000	0.021000	2267.380412
0.347000	0.023800	2331.380412
0.347000	0.026600	2403.380412
0.347000	0.029400	2483.380412
0.347000	0.032200	2571.380412
0.347000	0.035000	2618.092770
0.347000	0.037800	2642.092770
0.347000	0.040600	2674.092770
0.347000	0.043400	2714.092770
0.347000	0.046200	2762.092770
0.347000	0.049000	2818.092770
0.347000	0.051800	2882.092770
0.347000	0.054600	2954.092770
0.347000	0.057400	2973.806849
0.347000	0.060200	2981.806849
0.347000	0.063000	2997.806849
0.347000	0.065800	3021.806849
0.347000	0.068600	3053.806849
0.381000	-0.068600	1544.332046
0.381000	-0.065800	1512.332046
0.381000	-0.063000	1488.332046
0.381000	-0.060200	1472.332046
0.381000	-0.057400	1464.332046
0.381000	-0.054600	1464.332046
0.381000	-0.051800	1472.332046
0.381000	-0.049000	1488.332046
0.381000	-0.046200	1512.332046
0.381000	-0.043400	1544.332046
0.381000	-0.040600	1584.332046
0.381000	-0.037800	1632.332046
0.381000	-0.035000	1688.332046
0.381000	-0.032200	1752.332046
0.381000	-0.029400	1760.907245
0.381000	-0.026600	1760.907245
0.381000	-0.023800	1768.907245
0.381000	-0.021000	1784.907245
0.381000	-0.018200	1808.907245
0.381000	-0.015400	1840.907245
0.381000	-0.012600	1880.907245
0.381000	-0.009800	1928.907245
0.381000	-0.007000	1984.907245
0.381000	-0.004200	2048.907245
0.381000	-0.001400	2120.907245
0.381000	0.001400	2131.380412
0.381000	0.004200	2139.380412
0.381000	0.007000	2155.380412
0.381000	0.009800	2179.380412
0.381000	0.012600	2211.380412
0.381000	0.015400	2251.380412
0.381000	0.018200	2299.380412
0.381000	0.021000	2355.380412
0.381000	0.023800	2419.380412
0.381000	0.026600	2491.380412
0.381000	0.029400	2571.380412
0.381000	0.032200	2659.380412
0.381000	0.035000	2706.092770
0.381000	0.037800	2730.092770
0.381000	0.040600	2762.092770
0.381000	0.043400	2802.092770
0.381000	0.046200	2850.092770
0.381000	0.049000	2906.092770
0.381000	0.051800	2970.092770
0.381000	0.054600	3042.092770
0.381000	0.057400	3054.207678
0.381000	0.060200	3062.207678
0.381000	0.063000	3078.207678
0.381000	0.065800	3102.207678
0.381000	0.068600	3134.207678
0.415000	-0.068600	1560.332046
0.415000	-0.065800	1528.332046
0.415000	-0.063000	1504.332046
0.415000	-0.060200	1488.332046
0.415000	-0.057400	1480.332046
0.415000	-0.054600	1480.332046
0.415000	-0.051800	1488.332046
0.415000	-0.049000	1504.332046
0.415000	-0.046200	1528.332046
0.415000	-0.043400	1560.332046
0.415000	-0.040600	1600.332046
0.415000	-0.037800	1648.332046
0.415000	-0.035000	1704.332046
0.415000	-0.032200	1768.332046
0.415000	-0.029400	1776.907245
0.415000	-0.026600	1776.907245
0.415000	-0.023800	1784.907245
0.415000	-0.021000	1800.907245
0.415000	-0.018200	1824.907245
0.415000	-0.015400	1856.907245
0.415000	-0.012600	1896.907245
0.415000	-0.009800	1944.907245
0.415000	-0.007000	2000.907245
0.415000	-0.004200	2064.907245
0.415000	-0.001400	2136.907245
0.415000	0.001400	2216.907245
0.415000	0.004200	2235.380412
0.415000	0.007000	2251.380412
0.415000	0.009800	2275.380412
0.415000	0.012600	2307.380412
0.415000	0.015400	2347.380412
0.415000	0.018200	2395.380412
0.415000	0.021000	2451.380412
0.415000	0.023800	2515.380412
0.415000	0.026600	2587.380412
0.415000	0.029400	2667.380412
0.415000	0.032200	2755.380412
0.415000	0.035000	2802.092770
0.415000	0.037800	2826.092770
0.415000	0.040600	2858.092770
0.415000	0.043400	2898.092770
0.415000	0.046200	2946.092770
0.415000	0.049000	3002.092770
0.415000	0.051800	3066.092770
0.415000	0.054600	3070.207678
0.415000	0.057400	3070.207678
0.415000	0.060200	3078.207678
0.415000	0.063000	3094.207678
0.415000	0.065800	3118.207678
0.415000	0.068600	3150.207678
0.449000	-0.068600	1584.332046
0.449000	-0.065800	1552.332046
0.449000	-0.063000	1528.332046
0.449000	-0.060200	1512.332046
0.449000	-0.057400	1504.332046
0.449000	-0.054600	1504.332046
0.449000	-0.051800	1512.332046
0.449000	-0.049000	1528.332046
0.449000	-0.046200	1552.332046
0.449000	-0.043400	1584.332046
0.449000	-0.040600	1624.332046
0.449000	-0.037800	1672.332046
0.449000	-0.035000	1728.332046
0.449000	-0.032200	1792.332046
0.449000	-0.029400	1800.907245
0.449000	-0.026600	1800.907245
0.449000	-0.023800	1808.907245
0.449000	-0.021000	1824.907245
0.449000	-0.018200	1848.907245
0.449000	-0.015400	1880.907245
0.449000	-0.012600	1920.907245
0.449000	-0.009800	1968.907245
0.449000	-0.007000	2024.907245
0.449000	-0.004200	2088.907245
0.449000	-0.001400	2160.907245
0.449000	0.001400	2240.907245
0.449000	0.004200	2328.907245
0.449000	0.007000	2355.380412
0.449000	0.009800	2379.380412
0.449000	0.012600	2411.380412
0.449000	0.015400	2451.380412
0.449000	0.018200	2499.380412
0.449000	0.021000	2555.380412
0.449000	0.023800	2619.380412
0.449000	0.026600	2691.380412
0.449000	0.029400	2771.380412
0.449000	0.032200	2859.380412
0.449000	0.035000	2906.092770
0.449000	0.037800	2930.092770
0.449000	0.040600	2962.092770
0.449000	0.043400	3002.092770
0.449000	0.046200	3050.092770
0.449000	0.049000	3106.092770
0.449000	0.051800	3102.207678
0.449000	0.054600	3094.207678
0.449000	0.057400	3094.207678
0.449000	0.060200	3102.207678
0.449000	0.063000	3118.207678
0.449000	0.065800	3142.207678
0.449000	0.068600	3174.207678
0.483000	-0.068600	1616.332046
0.483000	-0.065800	1584.332046
0.483000	-0.063000	1560.332046
0.483000	-0.060200	1544.332046
0.483000	-0.057400	1536.332046
0.483000	-0.054600	1536.332046
0.483000	-0.051800	1544.332046
0.483000	-0.049000	1560.332046
0.483000	-0.046200	1584.332046
0.483000	-0.043400	1616.332046
0.483000	-0.040600	1656.332046
0.483000	-0.037800	1704.332046
0.483000	-0.035000	1760.332046
0.483000	-0.032200	1824.332046
0.483000	-0.029400	1832.907245
0.483000	-0.026600	1832.907245
0.483000	-0.023800	1840.907245
0.483000	-0.021000	1856.907245
0.483000	-0.018200	1880.907245
0.483000	-0.015400	1912.907245
0.483000	-0.012600	1952.907245
0.483000	-0.009800	2000.907245
0.483000	-0.007000	2056.907245
0.483000	-0.004200	2120.907245
0.483000	-0.001400	2192.907245
0.483000	0.001400	2272.907245
0.483000	0.004200	2360.907245
0.483000	0.007000	2456.907245
0.483000	0.009800	2491.380412
0.483000	0.012600	2523.380412
0.483000	0.015400	2563.380412
0.483000	0.018200	2611.380412
0.483000	0.021000	2667.380412
0.483000	0.023800	2731.380412
0.483000	0.026600	2803.380412
0.483000	0.029400	2883.380412
0.483000	0.032200	2922.092770
0.483000	0.035000	2938.092770
0.483000	0.037800	2962.092770
0.483000	0.040600	2994.092770
0.483000	0.043400	3034.092770
0.483000	0.046200	3082.092770
0.483000	0.049000	3138.092770
0.483000	0.051800	3134.207678
0.483000	0.054600	3126.207678
0.483000	0.057400	3126.207678
0.483000	0.060200	3134.207678
0.483000	0.063000	3150.207678
0.483000	0.065800	3174.207678
0.483000	0.068600	3206.207678
