-1.183000	-0.068600	989.517609
-1.183000	-0.065800	968.946180
-1.183000	-0.063000	956.374752
-1.183000	-0.060200	951.803323
-1.183000	-0.057400	955.231895
-1.183000	-0.054600	966.660466
-1.183000	-0.051800	986.089038
-1.183000	-0.049000	972.374651
-1.183000	-0.046200	950.660365
-1.183000	-0.043400	936.946080
-1.183000	-0.040600	931.231794
-1.183000	-0.037800	933.517508
-1.183000	-0.035000	943.803222
-1.183000	-0.032200	962.088937
-1.183000	-0.029400	975.803222
-1.183000	-0.026600	952.946080
-1.183000	-0.023800	938.088937
-1.183000	-0.021000	931.231794
-1.183000	-0.018200	932.374651
-1.183000	-0.015400	941.517508
-1.183000	-0.012600	958.660365
-1.183000	-0.009800	983.803222
-1.183000	-0.007000	991.958219
-1.183000	-0.004200	975.958219
-1.183000	-0.001400	967.958219
-1.183000	0.001400	967.958219
-1.183000	0.004200	975.958219
-1.183000	0.007000	991.958219
-1.183000	0.009800	1015.958219
-1.183000	0.012600	1047.958219
-1.183000	0.015400	1087.958219
-1.183000	0.018200	1135.958219
-1.183000	0.021000	1142.195692
-1.183000	0.023800	1149.052835
-1.183000	0.026600	1163.909978
-1.183000	0.029400	1186.767120
-1.183000	0.032200	1217.624263
-1.183000	0.035000	1256.481406
-1.183000	0.037800	1303.338549
-1.183000	0.040600	1338.251214
-1.183000	0.043400	1343.965500
-1.183000	0.046200	1357.679785
-1.183000	0.049000	1379.394071
-1.183000	0.051800	1409.108357
-1.183000	0.054600	1446.822643
-1.183000	0.057400	1467.220907
-1.183000	0.060200	1463.792336
-1.183000	0.063000	1468.363764
-1.183000	0.065800	1480.935193
-1.183000	0.068600	1501.506621
-1.149000	-0.068600	968.946080
-1.149000	-0.065800	948.374651
-1.149000	-0.063000	935.803222
-1.149000	-0.060200	931.231794
-1.149000	-0.057400	934.660365
-1.149000	-0.054600	946.088937
-1.149000	-0.051800	965.517508
-1.149000	-0.049000	951.803122
-1.149000	-0.046200	930.088836
-1.149000	-0.043400	916.374550
-1.149000	-0.040600	910.660265
-1.149000	-0.037800	912.945979
-1.149000	-0.035000	923.231693
-1.149000	-0.032200	941.517407
-1.149000	-0.029400	955.231693
-1.149000	-0.026600	932.374550
-1.149000	-0.023800	917.517407
-1.149000	-0.021000	910.660265
-1.149000	-0.018200	911.803122
-1.149000	-0.015400	920.945979
-1.149000	-0.012600	938.088836
-1.149000	-0.009800	963.231693
-1.149000	-0.007000	971.386689
-1.149000	-0.004200	955.386689
-1.149000	-0.001400	947.386689
-1.149000	0.001400	947.386689
-1.149000	0.004200	955.386689
-1.149000	0.007000	971.386689
-1.149000	0.009800	995.386689
-1.149000	0.012600	1027.386689
-1.149000	0.015400	1067.386689
-1.149000	0.018200	1115.386689
-1.149000	0.021000	1121.624162
-1.149000	0.023800	1128.481305
-1.149000	0.026600	1143.338448
-1.149000	0.029400	1166.195591
-1.149000	0.032200	1197.052734
-1.149000	0.035000	1235.909877
-1.149000	0.037800	1282.767020
-1.149000	0.040600	1317.679685
-1.149000	0.043400	1323.393970
-1.149000	0.046200	1337.108256
-1.149000	0.049000	1358.822542
-1.149000	0.051800	1388.536827
-1.149000	0.054600	1426.251113
-1.149000	0.057400	1446.649378
-1.149000	0.060200	1443.220806
-1.149000	0.063000	1447.792235
-1.149000	0.065800	1460.363663
-1.149000	0.068600	1480.935092
-1.115000	-0.068600	956.374550
-1.115000	-0.065800	935.803122
-1.115000	-0.063000	923.231693
-1.115000	-0.060200	918.660265
-1.115000	-0.057400	922.088836
-1.115000	-0.054600	933.517407
-1.115000	-0.051800	952.945979
-1.115000	-0.049000	939.231592
-1.115000	-0.046200	917.517307
-1.115000	-0.043400	903.803021
-1.115000	-0.040600	898.088735
-1.115000	-0.037800	900.374449
-1.115000	-0.035000	910.660164
-1.115000	-0.032200	928.945878
-1.115000	-0.029400	942.660164
-1.115000	-0.026600	919.803021
-1.115000	-0.023800	904.945878
-1.115000	-0.021000	898.088735
-1.115000	-0.018200	899.231592
-1.115000	-0.015400	908.374449
-1.115000	-0.012600	925.517307
-1.115000	-0.009800	950.660164
-1.115000	-0.007000	958.815160
-1.115000	-0.004200	942.815160
-1.115000	-0.001400	934.815160
-1.115000	0.001400	934.815160
-1.115000	0.004200	942.815160
-1.115000	0.007000	958.815160
-1.115000	0.009800	982.815160
-1.115000	0.012600	1014.815160
-1.115000	0.015400	1054.815160
-1.115000	0.018200	1102.815160
-1.115000	0.021000	1109.052633
-1.115000	0.023800	1115.909776
-1.115000	0.026600	1130.766919
-1.115000	0.029400	1153.624062
-1.115000	0.032200	1184.481204
-1.115000	0.035000	1223.338347
-1.115000	0.037800	1270.195490
-1.115000	0.040600	1305.108155
-1.115000	0.043400	1310.822441
-1.115000	0.046200	1324.536727
-1.115000	0.049000	1346.251012
-1.115000	0.051800	1375.965298
-1.115000	0.054600	1413.679584
-1.115000	0.057400	1434.077848
-1.115000	0.060200	1430.649277
-1.115000	0.063000	1435.220705
-1.115000	0.065800	1447.792134
-1.115000	0.068600	1468.363562
-1.081000	-0.068600	951.803021
-1.081000	-0.065800	931.231592
-1.081000	-0.063000	918.660164
-1.081000	-0.060200	914.088735
-1.081000	-0.057400	917.517307
-1.081000	-0.054600	928.945878
-1.081000	-0.051800	948.374449
-1.081000	-0.049000	934.660063
-1.081000	-0.046200	912.945777
-1.081000	-0.043400	899.231491
-1.081000	-0.040600	893.517206
-1.081000	-0.037800	895.802920
-1.081000	-0.035000	906.088634
-1.081000	-0.032200	924.374349
-1.081000	-0.029400	938.088634
-1.081000	-0.026600	915.231491
-1.081000	-0.023800	900.374349
-1.081000	-0.021000	893.517206
-1.081000	-0.018200	894.660063
-1.081000	-0.015400	903.802920
-1.081000	-0.012600	920.945777
-1.081000	-0.009800	946.088634
-1.081000	-0.007000	954.243630
-1.081000	-0.004200	938.243630
-1.081000	-0.001400	930.243630
-1.081000	0.001400	930.243630
-1.081000	0.004200	938.243630
-1.081000	0.007000	954.243630
-1.081000	0.009800	978.243630
-1.081000	0.012600	1010.243630
-1.081000	0.015400	1050.243630
-1.081000	0.018200	1098.243630
-1.081000	0.021000	1104.481104
-1.081000	0.023800	1111.338246
-1.081000	0.026600	1126.195389
-1.081000	0.029400	1149.052532
-1.081000	0.032200	1179.909675
-1.081000	0.035000	1218.766818
-1.081000	0.037800	1265.623961
-1.081000	0.040600	1300.536626
-1.081000	0.043400	1306.250911
-1.081000	0.046200	1319.965197
-1.081000	0.049000	1341.679483
-1.081000	0.051800	1371.393769
-1.081000	0.054600	1409.108054
-1.081000	0.057400	1429.506319
-1.081000	0.060200	1426.077747
-1.081000	0.063000	1430.649176
-1.081000	0.065800	1443.220605
-1.081000	0.068600	1463.792033
-1.047000	-0.068600	955.231491
-1.047000	-0.065800	934.660063
-1.047000	-0.063000	922.088634
-1.047000	-0.060200	917.517206
-1.047000	-0.057400	920.945777
-1.047000	-0.054600	932.374349
-1.047000	-0.051800	951.802920
-1.047000	-0.049000	938.088533
-1.047000	-0.046200	916.374248
-1.047000	-0.043400	902.659962
-1.047000	-0.040600	896.945676
-1.047000	-0.037800	899.231391
-1.047000	-0.035000	909.517105
-1.047000	-0.032200	927.802819
-1.047000	-0.029400	908.809844
-1.047000	-0.026600	885.952701
-1.047000	-0.023800	871.095558
-1.047000	-0.021000	864.238415
-1.047000	-0.018200	865.381272
-1.047000	-0.015400	874.524129
-1.047000	-0.012600	891.666986
-1.047000	-0.009800	916.809844
-1.047000	-0.007000	949.952701
-1.047000	-0.004200	941.672101
-1.047000	-0.001400	933.672101
-1.047000	0.001400	933.672101
-1.047000	0.004200	941.672101
-1.047000	0.007000	957.672101
-1.047000	0.009800	981.672101
-1.047000	0.012600	1013.672101
-1.047000	0.015400	1053.672101
-1.047000	0.018200	1101.672101
-1.047000	0.021000	1107.909574
-1.047000	0.023800	1114.766717
-1.047000	0.026600	1129.623860
-1.047000	0.029400	1152.481003
-1.047000	0.032200	1183.338146
-1.047000	0.035000	1222.195288
-1.047000	0.037800	1269.052431
-1.047000	0.040600	1303.965096
-1.047000	0.043400	1309.679382
-1.047000	0.046200	1323.393668
-1.047000	0.049000	1345.107953
-1.047000	0.051800	1374.822239
-1.047000	0.054600	1412.536525
-1.047000	0.057400	1432.934789
-1.047000	0.060200	1429.506218
-1.047000	0.063000	1434.077647
-1.047000	0.065800	1446.649075
-1.047000	0.068600	1467.220504
-1.013000	-0.068600	966.659962
-1.013000	-0.065800	946.088533
-1.013000	-0.063000	933.517105
-1.013000	-0.060200	928.945676
-1.013000	-0.057400	932.374248
-1.013000	-0.054600	943.802819
-1.013000	-0.051800	963.231391
-1.013000	-0.049000	949.517004
-1.013000	-0.046200	927.802718
-1.013000	-0.043400	914.088433
-1.013000	-0.040600	908.374147
-1.013000	-0.037800	910.659861
-1.013000	-0.035000	920.945575
-1.013000	-0.032200	893.952704
-1.013000	-0.029400	863.095561
-1.013000	-0.026600	840.238418
-1.013000	-0.023800	825.381276
-1.013000	-0.021000	818.524133
-1.013000	-0.018200	819.666990
-1.013000	-0.015400	828.809847
-1.013000	-0.012600	845.952704
-1.013000	-0.009800	871.095561
-1.013000	-0.007000	904.238418
-1.013000	-0.004200	896.120334
-1.013000	-0.001400	888.120334
-1.013000	0.001400	888.120334
-1.013000	0.004200	896.120334
-1.013000	0.007000	912.120334
-1.013000	0.009800	936.120334
-1.013000	0.012600	968.120334
-1.013000	0.015400	1008.120334
-1.013000	0.018200	1056.120334
-1.013000	0.021000	1112.120334
-1.013000	0.023800	1124.722293
-1.013000	0.026600	1139.579436
-1.013000	0.029400	1162.436578
-1.013000	0.032200	1193.293721
-1.013000	0.035000	1232.150864
-1.013000	0.037800	1279.008007
-1.013000	0.040600	1315.393567
-1.013000	0.043400	1321.107853
-1.013000	0.046200	1334.822138
-1.013000	0.049000	1356.536424
-1.013000	0.051800	1386.250710
-1.013000	0.054600	1423.964995
-1.013000	0.057400	1444.363260
-1.013000	0.060200	1440.934689
-1.013000	0.063000	1445.506117
-1.013000	0.065800	1458.077546
-1.013000	0.068600	1478.648974
-0.979000	-0.068600	986.088433
-0.979000	-0.065800	965.517004
-0.979000	-0.063000	952.945575
-0.979000	-0.060200	948.374147
-0.979000	-0.057400	951.802718
-0.979000	-0.054600	963.231290
-0.979000	-0.051800	945.934666
-0.979000	-0.049000	916.220380
-0.979000	-0.046200	894.506095
-0.979000	-0.043400	880.791809
-0.979000	-0.040600	875.077523
-0.979000	-0.037800	877.363237
-0.979000	-0.035000	887.648952
-0.979000	-0.032200	856.238422
-0.979000	-0.029400	825.381279
-0.979000	-0.026600	802.524136
-0.979000	-0.023800	787.666993
-0.979000	-0.021000	780.809850
-0.979000	-0.018200	781.952707
-0.979000	-0.015400	791.095565
-0.979000	-0.012600	808.238422
-0.979000	-0.009800	833.381279
-0.979000	-0.007000	866.524136
-0.979000	-0.004200	858.406051
-0.979000	-0.001400	850.406051
-0.979000	0.001400	850.406051
-0.979000	0.004200	858.406051
-0.979000	0.007000	874.406051
-0.979000	0.009800	898.406051
-0.979000	0.012600	930.406051
-0.979000	0.015400	970.406051
-0.979000	0.018200	1018.406051
-0.979000	0.021000	1074.406051
-0.979000	0.023800	1087.008010
-0.979000	0.026600	1101.865153
-0.979000	0.029400	1124.722296
-0.979000	0.032200	1155.579439
-0.979000	0.035000	1194.436582
-0.979000	0.037800	1241.293725
-0.979000	0.040600	1296.150867
-0.979000	0.043400	1340.536323
-0.979000	0.046200	1354.250609
-0.979000	0.049000	1375.964895
-0.979000	0.051800	1405.679180
-0.979000	0.054600	1443.393466
-0.979000	0.057400	1463.791731
-0.979000	0.060200	1460.363159
-0.979000	0.063000	1464.934588
-0.979000	0.065800	1477.506016
-0.979000	0.068600	1498.077445
-0.945000	-0.068600	971.136434
-0.945000	-0.065800	950.565006
-0.945000	-0.063000	937.993577
-0.945000	-0.060200	933.422149
-0.945000	-0.057400	936.850720
-0.945000	-0.054600	948.279291
-0.945000	-0.051800	916.220384
-0.945000	-0.049000	886.506098
-0.945000	-0.046200	864.791812
-0.945000	-0.043400	851.077527
-0.945000	-0.040600	845.363241
-0.945000	-0.037800	847.648955
-0.945000	-0.035000	857.934669
-0.945000	-0.032200	826.524139
-0.945000	-0.029400	795.666997
-0.945000	-0.026600	772.809854
-0.945000	-0.023800	757.952711
-0.945000	-0.021000	751.095568
-0.945000	-0.018200	752.238425
-0.945000	-0.015400	761.381282
-0.945000	-0.012600	778.524139
-0.945000	-0.009800	803.666997
-0.945000	-0.007000	836.809854
-0.945000	-0.004200	828.691769
-0.945000	-0.001400	820.691769
-0.945000	0.001400	820.691769
-0.945000	0.004200	828.691769
-0.945000	0.007000	844.691769
-0.945000	0.009800	868.691769
-0.945000	0.012600	900.691769
-0.945000	0.015400	940.691769
-0.945000	0.018200	988.691769
-0.945000	0.021000	1044.691769
-0.945000	0.023800	1057.293728
-0.945000	0.026600	1072.150871
-0.945000	0.029400	1095.008014
-0.945000	0.032200	1125.865157
-0.945000	0.035000	1164.722299
-0.945000	0.037800	1211.579442
-0.945000	0.040600	1266.436585
-0.945000	0.043400	1329.293728
-0.945000	0.046200	1349.420735
-0.945000	0.049000	1371.135020
-0.945000	0.051800	1400.849306
-0.945000	0.054600	1438.563592
-0.945000	0.057400	1484.277878
-0.945000	0.060200	1487.791630
-0.945000	0.063000	1492.363058
-0.945000	0.065800	1504.934487
-0.945000	0.068600	1525.505915
-0.911000	-0.068600	949.422152
-0.911000	-0.065800	928.850723
-0.911000	-0.063000	916.279295
-0.911000	-0.060200	911.707866
-0.911000	-0.057400	915.136438
-0.911000	-0.054600	926.565009
-0.911000	-0.051800	894.506101
-0.911000	-0.049000	864.791816
-0.911000	-0.046200	843.077530
-0.911000	-0.043400	829.363244
-0.911000	-0.040600	823.648958
-0.911000	-0.037800	825.934673
-0.911000	-0.035000	836.220387
-0.911000	-0.032200	804.809857
-0.911000	-0.029400	773.952714
-0.911000	-0.026600	751.095571
-0.911000	-0.023800	736.238428
-0.911000	-0.021000	729.381286
-0.911000	-0.018200	730.524143
-0.911000	-0.015400	739.667000
-0.911000	-0.012600	756.809857
-0.911000	-0.009800	781.952714
-0.911000	-0.007000	815.095571
-0.911000	-0.004200	806.977487
-0.911000	-0.001400	798.977487
-0.911000	0.001400	798.977487
-0.911000	0.004200	806.977487
-0.911000	0.007000	822.977487
-0.911000	0.009800	846.977487
-0.911000	0.012600	878.977487
-0.911000	0.015400	918.977487
-0.911000	0.018200	966.977487
-0.911000	0.021000	1022.977487
-0.911000	0.023800	1035.579446
-0.911000	0.026600	1050.436588
-0.911000	0.029400	1073.293731
-0.911000	0.032200	1104.150874
-0.911000	0.035000	1143.008017
-0.911000	0.037800	1189.865160
-0.911000	0.040600	1244.722303
-0.911000	0.043400	1307.579446
-0.911000	0.046200	1327.706452
-0.911000	0.049000	1349.420738
-0.911000	0.051800	1379.135024
-0.911000	0.054600	1416.849310
-0.911000	0.057400	1462.563595
-0.911000	0.060200	1512.300510
-0.911000	0.063000	1516.871939
-0.911000	0.065800	1529.443367
-0.911000	0.068600	1550.014796
-0.877000	-0.068600	935.707870
-0.877000	-0.065800	915.136441
-0.877000	-0.063000	902.565012
-0.877000	-0.060200	897.993584
-0.877000	-0.057400	901.422155
-0.877000	-0.054600	912.850727
-0.877000	-0.051800	880.791819
-0.877000	-0.049000	851.077533
-0.877000	-0.046200	829.363248
-0.877000	-0.043400	815.648962
-0.877000	-0.040600	809.934676
-0.877000	-0.037800	812.220390
-0.877000	-0.035000	822.506105
-0.877000	-0.032200	791.095575
-0.877000	-0.029400	760.238432
-0.877000	-0.026600	737.381289
-0.877000	-0.023800	722.524146
-0.877000	-0.021000	715.667003
-0.877000	-0.018200	716.809860
-0.877000	-0.015400	725.952718
-0.877000	-0.012600	743.095575
-0.877000	-0.009800	768.238432
-0.877000	-0.007000	782.023975
-0.877000	-0.004200	766.023975
-0.877000	-0.001400	758.023975
-0.877000	0.001400	758.023975
-0.877000	0.004200	766.023975
-0.877000	0.007000	782.023975
-0.877000	0.009800	806.023975
-0.877000	0.012600	838.023975
-0.877000	0.015400	878.023975
-0.877000	0.018200	926.023975
-0.877000	0.021000	982.023975
-0.877000	0.023800	1021.865163
-0.877000	0.026600	1036.722306
-0.877000	0.029400	1059.579449
-0.877000	0.032200	1090.436592
-0.877000	0.035000	1129.293735
-0.877000	0.037800	1176.150878
-0.877000	0.040600	1231.008020
-0.877000	0.043400	1293.865163
-0.877000	0.046200	1313.992170
-0.877000	0.049000	1335.706456
-0.877000	0.051800	1365.420742
-0.877000	0.054600	1403.135027
-0.877000	0.057400	1448.849313
-0.877000	0.060200	1498.586228
-0.877000	0.063000	1503.157656
-0.877000	0.065800	1515.729085
-0.877000	0.068600	1536.300513
-0.843000	-0.068600	929.993587
-0.843000	-0.065800	909.422159
-0.843000	-0.063000	896.850730
-0.843000	-0.060200	892.279302
-0.843000	-0.057400	895.707873
-0.843000	-0.054600	907.136444
-0.843000	-0.051800	875.077537
-0.843000	-0.049000	845.363251
-0.843000	-0.046200	823.648965
-0.843000	-0.043400	809.934679
-0.843000	-0.040600	804.220394
-0.843000	-0.037800	806.506108
-0.843000	-0.035000	816.791822
-0.843000	-0.032200	785.381292
-0.843000	-0.029400	754.524149
-0.843000	-0.026600	731.667007
-0.843000	-0.023800	716.809864
-0.843000	-0.021000	709.952721
-0.843000	-0.018200	711.095578
-0.843000	-0.015400	720.238435
-0.843000	-0.012600	737.381292
-0.843000	-0.009800	743.166822
-0.843000	-0.007000	719.166822
-0.843000	-0.004200	703.166822
-0.843000	-0.001400	695.166822
-0.843000	0.001400	695.166822
-0.843000	0.004200	703.166822
-0.843000	0.007000	719.166822
-0.843000	0.009800	743.166822
-0.843000	0.012600	775.166822
-0.843000	0.015400	815.166822
-0.843000	0.018200	863.166822
-0.843000	0.021000	919.166822
-0.843000	0.023800	983.166822
-0.843000	0.026600	1031.008024
-0.843000	0.029400	1053.865167
-0.843000	0.032200	1084.722309
-0.843000	0.035000	1123.579452
-0.843000	0.037800	1170.436595
-0.843000	0.040600	1225.293738
-0.843000	0.043400	1288.150881
-0.843000	0.046200	1308.277888
-0.843000	0.049000	1329.992173
-0.843000	0.051800	1359.706459
-0.843000	0.054600	1397.420745
-0.843000	0.057400	1443.135031
-0.843000	0.060200	1492.871945
-0.843000	0.063000	1497.443374
-0.843000	0.065800	1510.014802
-0.843000	0.068600	1530.586231
-0.809000	-0.068600	932.279305
-0.809000	-0.065800	911.707876
-0.809000	-0.063000	899.136448
-0.809000	-0.060200	894.565019
-0.809000	-0.057400	897.993591
-0.809000	-0.054600	909.422162
-0.809000	-0.051800	877.363254
-0.809000	-0.049000	847.648969
-0.809000	-0.046200	825.934683
-0.809000	-0.043400	812.220397
-0.809000	-0.040600	806.506111
-0.809000	-0.037800	808.791826
-0.809000	-0.035000	805.511902
-0.809000	-0.032200	766.654760
-0.809000	-0.029400	735.797617
-0.809000	-0.026600	712.940474
-0.809000	-0.023800	698.083331
-0.809000	-0.021000	691.226188
-0.809000	-0.018200	692.369045
-0.809000	-0.015400	701.511902
-0.809000	-0.012600	718.654760
-0.809000	-0.009800	688.309669
-0.809000	-0.007000	664.309669
-0.809000	-0.004200	648.309669
-0.809000	-0.001400	640.309669
-0.809000	0.001400	640.309669
-0.809000	0.004200	648.309669
-0.809000	0.007000	664.309669
-0.809000	0.009800	688.309669
-0.809000	0.012600	720.309669
-0.809000	0.015400	760.309669
-0.809000	0.018200	808.309669
-0.809000	0.021000	864.309669
-0.809000	0.023800	928.309669
-0.809000	0.026600	998.364108
-0.809000	0.029400	1021.221251
-0.809000	0.032200	1052.078394
-0.809000	0.035000	1090.935536
-0.809000	0.037800	1137.792679
-0.809000	0.040600	1192.649822
-0.809000	0.043400	1255.506965
-0.809000	0.046200	1310.563605
-0.809000	0.049000	1332.277891
-0.809000	0.051800	1361.992177
-0.809000	0.054600	1399.706463
-0.809000	0.057400	1445.420748
-0.809000	0.060200	1495.157663
-0.809000	0.063000	1499.729091
-0.809000	0.065800	1512.300520
-0.809000	0.068600	1532.871949
-0.775000	-0.068600	942.565023
-0.775000	-0.065800	921.993594
-0.775000	-0.063000	909.422165
-0.775000	-0.060200	904.850737
-0.775000	-0.057400	908.279308
-0.775000	-0.054600	919.707880
-0.775000	-0.051800	887.648972
-0.775000	-0.049000	857.934686
-0.775000	-0.046200	836.220400
-0.775000	-0.043400	822.506115
-0.775000	-0.040600	816.791829
-0.775000	-0.037800	805.511892
-0.775000	-0.035000	758.654750
-0.775000	-0.032200	719.797607
-0.775000	-0.029400	688.940464
-0.775000	-0.026600	666.083321
-0.775000	-0.023800	651.226178
-0.775000	-0.021000	644.369035
-0.775000	-0.018200	645.511892
-0.775000	-0.015400	654.654750
-0.775000	-0.012600	671.797607
-0.775000	-0.009800	641.452516
-0.775000	-0.007000	617.452516
-0.775000	-0.004200	601.452516
-0.775000	-0.001400	593.452516
-0.775000	0.001400	593.452516
-0.775000	0.004200	601.452516
-0.775000	0.007000	617.452516
-0.775000	0.009800	641.452516
-0.775000	0.012600	673.452516
-0.775000	0.015400	713.452516
-0.775000	0.018200	761.452516
-0.775000	0.021000	817.452516
-0.775000	0.023800	881.452516
-0.775000	0.026600	951.506955
-0.775000	0.029400	974.364098
-0.775000	0.032200	1005.221241
-0.775000	0.035000	1044.078383
-0.775000	0.037800	1090.935526
-0.775000	0.040600	1145.792669
-0.775000	0.043400	1208.649812
-0.775000	0.046200	1279.506955
-0.775000	0.049000	1342.563609
-0.775000	0.051800	1372.277894
-0.775000	0.054600	1409.992180
-0.775000	0.057400	1455.706466
-0.775000	0.060200	1505.443381
-0.775000	0.063000	1510.014809
-0.775000	0.065800	1522.586238
-0.775000	0.068600	1543.157666
-0.741000	-0.068600	960.850740
-0.741000	-0.065800	940.279312
-0.741000	-0.063000	927.707883
-0.741000	-0.060200	923.136454
-0.741000	-0.057400	926.565026
-0.741000	-0.054600	919.621661
-0.741000	-0.051800	881.907375
-0.741000	-0.049000	852.193090
-0.741000	-0.046200	830.478804
-0.741000	-0.043400	816.764518
-0.741000	-0.040600	811.050233
-0.741000	-0.037800	766.654739
-0.741000	-0.035000	719.797597
-0.741000	-0.032200	680.940454
-0.741000	-0.029400	650.083311
-0.741000	-0.026600	627.226168
-0.741000	-0.023800	612.369025
-0.741000	-0.021000	605.511882
-0.741000	-0.018200	606.654739
-0.741000	-0.015400	615.797597
-0.741000	-0.012600	632.940454
-0.741000	-0.009800	602.595363
-0.741000	-0.007000	578.595363
-0.741000	-0.004200	562.595363
-0.741000	-0.001400	554.595363
-0.741000	0.001400	554.595363
-0.741000	0.004200	562.595363
-0.741000	0.007000	578.595363
-0.741000	0.009800	602.595363
-0.741000	0.012600	634.595363
-0.741000	0.015400	674.595363
-0.741000	0.018200	722.595363
-0.741000	0.021000	778.595363
-0.741000	0.023800	842.595363
-0.741000	0.026600	912.649802
-0.741000	0.029400	935.506945
-0.741000	0.032200	966.364088
-0.741000	0.035000	1005.221231
-0.741000	0.037800	1052.078373
-0.741000	0.040600	1106.935516
-0.741000	0.043400	1169.792659
-0.741000	0.046200	1240.649802
-0.741000	0.049000	1319.506945
-0.741000	0.051800	1390.563612
-0.741000	0.054600	1428.277898
-0.741000	0.057400	1473.992184
-0.741000	0.060200	1523.729098
-0.741000	0.063000	1528.300527
-0.741000	0.065800	1540.871955
-0.741000	0.068600	1561.443384
-0.707000	-0.068600	940.333730
-0.707000	-0.065800	919.762302
-0.707000	-0.063000	907.190873
-0.707000	-0.060200	902.619444
-0.707000	-0.057400	906.048016
-0.707000	-0.054600	888.764508
-0.707000	-0.051800	851.050223
-0.707000	-0.049000	821.335937
-0.707000	-0.046200	799.621651
-0.707000	-0.043400	785.907365
-0.707000	-0.040600	780.193080
-0.707000	-0.037800	735.797586
-0.707000	-0.035000	688.940444
-0.707000	-0.032200	650.083301
-0.707000	-0.029400	619.226158
-0.707000	-0.026600	596.369015
-0.707000	-0.023800	581.511872
-0.707000	-0.021000	574.654729
-0.707000	-0.018200	575.797586
-0.707000	-0.015400	584.940444
-0.707000	-0.012600	602.083301
-0.707000	-0.009800	571.738210
-0.707000	-0.007000	547.738210
-0.707000	-0.004200	531.738210
-0.707000	-0.001400	523.738210
-0.707000	0.001400	523.738210
-0.707000	0.004200	531.738210
-0.707000	0.007000	547.738210
-0.707000	0.009800	571.738210
-0.707000	0.012600	603.738210
-0.707000	0.015400	643.738210
-0.707000	0.018200	691.738210
-0.707000	0.021000	747.738210
-0.707000	0.023800	811.738210
-0.707000	0.026600	881.792649
-0.707000	0.029400	904.649792
-0.707000	0.032200	935.506935
-0.707000	0.035000	974.364078
-0.707000	0.037800	1021.221220
-0.707000	0.040600	1076.078363
-0.707000	0.043400	1138.935506
-0.707000	0.046200	1209.792649
-0.707000	0.049000	1288.649792
-0.707000	0.051800	1375.506935
-0.707000	0.054600	1428.262286
-0.707000	0.057400	1473.976572
-0.707000	0.060200	1527.690857
-0.707000	0.063000	1554.586244
-0.707000	0.065800	1567.157673
-0.707000	0.068600	1587.729102
-0.673000	-0.068600	917.476577
-0.673000	-0.065800	896.905149
-0.673000	-0.063000	884.333720
-0.673000	-0.060200	879.762292
-0.673000	-0.057400	883.190863
-0.673000	-0.054600	865.907355
-0.673000	-0.051800	828.193070
-0.673000	-0.049000	798.478784
-0.673000	-0.046200	776.764498
-0.673000	-0.043400	763.050212
-0.673000	-0.040600	757.335927
-0.673000	-0.037800	712.940434
-0.673000	-0.035000	666.083291
-0.673000	-0.032200	627.226148
-0.673000	-0.029400	596.369005
-0.673000	-0.026600	573.511862
-0.673000	-0.023800	558.654719
-0.673000	-0.021000	551.797576
-0.673000	-0.018200	552.940434
-0.673000	-0.015400	562.083291
-0.673000	-0.012600	579.226148
-0.673000	-0.009800	548.881058
-0.673000	-0.007000	524.881058
-0.673000	-0.004200	508.881058
-0.673000	-0.001400	500.881058
-0.673000	0.001400	500.881058
-0.673000	0.004200	508.881058
-0.673000	0.007000	524.881058
-0.673000	0.009800	548.881058
-0.673000	0.012600	580.881058
-0.673000	0.015400	620.881058
-0.673000	0.018200	668.881058
-0.673000	0.021000	724.881058
-0.673000	0.023800	788.881058
-0.673000	0.026600	858.935496
-0.673000	0.029400	881.792639
-0.673000	0.032200	912.649782
-0.673000	0.035000	951.506925
-0.673000	0.037800	998.364067
-0.673000	0.040600	1053.221210
-0.673000	0.043400	1116.078353
-0.673000	0.046200	1186.935496
-0.673000	0.049000	1265.792639
-0.673000	0.051800	1352.649782
-0.673000	0.054600	1405.405133
-0.673000	0.057400	1451.119419
-0.673000	0.060200	1504.833704
-0.673000	0.063000	1566.547990
-0.673000	0.065800	1601.443391
-0.673000	0.068600	1622.014819
-0.639000	-0.068600	902.619424
-0.639000	-0.065800	882.047996
-0.639000	-0.063000	869.476567
-0.639000	-0.060200	864.905139
-0.639000	-0.057400	868.333710
-0.639000	-0.054600	851.050202
-0.639000	-0.051800	813.335917
-0.639000	-0.049000	783.621631
-0.639000	-0.046200	761.907345
-0.639000	-0.043400	748.193060
-0.639000	-0.040600	742.478774
-0.639000	-0.037800	698.083281
-0.639000	-0.035000	651.226138
-0.639000	-0.032200	612.368995
-0.639000	-0.029400	581.511852
-0.639000	-0.026600	558.654709
-0.639000	-0.023800	543.797566
-0.639000	-0.021000	536.940423
-0.639000	-0.018200	538.083281
-0.639000	-0.015400	547.226138
-0.639000	-0.012600	564.368995
-0.639000	-0.009800	534.023905
-0.639000	-0.007000	510.023905
-0.639000	-0.004200	494.023905
-0.639000	-0.001400	486.023905
-0.639000	0.001400	486.023905
-0.639000	0.004200	494.023905
-0.639000	0.007000	510.023905
-0.639000	0.009800	534.023905
-0.639000	0.012600	566.023905
-0.639000	0.015400	606.023905
-0.639000	0.018200	654.023905
-0.639000	0.021000	710.023905
-0.639000	0.023800	774.023905
-0.639000	0.026600	844.078343
-0.639000	0.029400	866.935486
-0.639000	0.032200	897.792629
-0.639000	0.035000	936.649772
-0.639000	0.037800	983.506915
-0.639000	0.040600	1038.364057
-0.639000	0.043400	1101.221200
-0.639000	0.046200	1172.078343
-0.639000	0.049000	1250.935486
-0.639000	0.051800	1337.792629
-0.639000	0.054600	1390.547980
-0.639000	0.057400	1436.262266
-0.639000	0.060200	1489.976551
-0.639000	0.063000	1551.690837
-0.639000	0.065800	1621.405123
-0.639000	0.068600	1653.874886
-0.605000	-0.068600	895.762271
-0.605000	-0.065800	875.190843
-0.605000	-0.063000	862.619414
-0.605000	-0.060200	858.047986
-0.605000	-0.057400	861.476557
-0.605000	-0.054600	844.193049
-0.605000	-0.051800	806.478764
-0.605000	-0.049000	776.764478
-0.605000	-0.046200	755.050192
-0.605000	-0.043400	741.335907
-0.605000	-0.040600	735.621621
-0.605000	-0.037800	691.226128
-0.605000	-0.035000	644.368985
-0.605000	-0.032200	605.511842
-0.605000	-0.029400	574.654699
-0.605000	-0.026600	551.797556
-0.605000	-0.023800	536.940413
-0.605000	-0.021000	530.083271
-0.605000	-0.018200	531.226128
-0.605000	-0.015400	540.368985
-0.605000	-0.012600	557.511842
-0.605000	-0.009800	527.166752
-0.605000	-0.007000	503.166752
-0.605000	-0.004200	487.166752
-0.605000	-0.001400	479.166752
-0.605000	0.001400	479.166752
-0.605000	0.004200	487.166752
-0.605000	0.007000	503.166752
-0.605000	0.009800	527.166752
-0.605000	0.012600	559.166752
-0.605000	0.015400	599.166752
-0.605000	0.018200	647.166752
-0.605000	0.021000	703.166752
-0.605000	0.023800	767.166752
-0.605000	0.026600	837.221190
-0.605000	0.029400	860.078333
-0.605000	0.032200	890.935476
-0.605000	0.035000	929.792619
-0.605000	0.037800	976.649762
-0.605000	0.040600	1031.506904
-0.605000	0.043400	1094.364047
-0.605000	0.046200	1165.221190
-0.605000	0.049000	1244.078333
-0.605000	0.051800	1330.935476
-0.605000	0.054600	1383.690827
-0.605000	0.057400	1429.405113
-0.605000	0.060200	1483.119399
-0.605000	0.063000	1544.833684
-0.605000	0.065800	1614.547970
-0.605000	0.068600	1647.017733
-0.571000	-0.068600	896.905118
-0.571000	-0.065800	876.333690
-0.571000	-0.063000	863.762261
-0.571000	-0.060200	859.190833
-0.571000	-0.057400	862.619404
-0.571000	-0.054600	845.335897
-0.571000	-0.051800	807.621611
-0.571000	-0.049000	777.907325
-0.571000	-0.046200	756.193039
-0.571000	-0.043400	742.478754
-0.571000	-0.040600	736.764468
-0.571000	-0.037800	692.368975
-0.571000	-0.035000	645.511832
-0.571000	-0.032200	606.654689
-0.571000	-0.029400	575.797546
-0.571000	-0.026600	552.940403
-0.571000	-0.023800	538.083260
-0.571000	-0.021000	531.226118
-0.571000	-0.018200	532.368975
-0.571000	-0.015400	541.511832
-0.571000	-0.012600	558.654689
-0.571000	-0.009800	528.309599
-0.571000	-0.007000	504.309599
-0.571000	-0.004200	488.309599
-0.571000	-0.001400	480.309599
-0.571000	0.001400	480.309599
-0.571000	0.004200	488.309599
-0.571000	0.007000	504.309599
-0.571000	0.009800	528.309599
-0.571000	0.012600	560.309599
-0.571000	0.015400	600.309599
-0.571000	0.018200	648.309599
-0.571000	0.021000	704.309599
-0.571000	0.023800	768.309599
-0.571000	0.026600	838.364037
-0.571000	0.029400	861.221180
-0.571000	0.032200	892.078323
-0.571000	0.035000	930.935466
-0.571000	0.037800	977.792609
-0.571000	0.040600	1032.649752
-0.571000	0.043400	1095.506894
-0.571000	0.046200	1166.364037
-0.571000	0.049000	1245.221180
-0.571000	0.051800	1332.078323
-0.571000	0.054600	1384.833674
-0.571000	0.057400	1430.547960
-0.571000	0.060200	1484.262246
-0.571000	0.063000	1545.976531
-0.571000	0.065800	1615.690817
-0.571000	0.068600	1648.160580
-0.537000	-0.068600	906.047965
-0.537000	-0.065800	885.476537
-0.537000	-0.063000	872.905108
-0.537000	-0.060200	868.333680
-0.537000	-0.057400	871.762251
-0.537000	-0.054600	854.478744
-0.537000	-0.051800	816.764458
-0.537000	-0.049000	787.050172
-0.537000	-0.046200	765.335886
-0.537000	-0.043400	751.621601
-0.537000	-0.040600	745.907315
-0.537000	-0.037800	701.511822
-0.537000	-0.035000	654.654679
-0.537000	-0.032200	615.797536
-0.537000	-0.029400	584.940393
-0.537000	-0.026600	562.083250
-0.537000	-0.023800	547.226107
-0.537000	-0.021000	540.368965
-0.537000	-0.018200	541.511822
-0.537000	-0.015400	550.654679
-0.537000	-0.012600	567.797536
-0.537000	-0.009800	537.452446
-0.537000	-0.007000	513.452446
-0.537000	-0.004200	497.452446
-0.537000	-0.001400	489.452446
-0.537000	0.001400	489.452446
-0.537000	0.004200	497.452446
-0.537000	0.007000	513.452446
-0.537000	0.009800	537.452446
-0.537000	0.012600	569.452446
-0.537000	0.015400	609.452446
-0.537000	0.018200	657.452446
-0.537000	0.021000	713.452446
-0.537000	0.023800	777.452446
-0.537000	0.026600	847.506884
-0.537000	0.029400	870.364027
-0.537000	0.032200	901.221170
-0.537000	0.035000	940.078313
-0.537000	0.037800	986.935456
-0.537000	0.040600	1041.792599
-0.537000	0.043400	1104.649741
-0.537000	0.046200	1175.506884
-0.537000	0.049000	1254.364027
-0.537000	0.051800	1341.221170
-0.537000	0.054600	1393.976521
-0.537000	0.057400	1439.690807
-0.537000	0.060200	1493.405093
-0.537000	0.063000	1555.119378
-0.537000	0.065800	1624.833664
-0.537000	0.068600	1657.303427
-0.503000	-0.068600	923.190813
-0.503000	-0.065800	902.619384
-0.503000	-0.063000	890.047955
-0.503000	-0.060200	885.476527
-0.503000	-0.057400	888.905098
-0.503000	-0.054600	871.621591
-0.503000	-0.051800	833.907305
-0.503000	-0.049000	804.193019
-0.503000	-0.046200	782.478733
-0.503000	-0.043400	768.764448
-0.503000	-0.040600	763.050162
-0.503000	-0.037800	718.654669
-0.503000	-0.035000	671.797526
-0.503000	-0.032200	632.940383
-0.503000	-0.029400	602.083240
-0.503000	-0.026600	579.226097
-0.503000	-0.023800	564.368955
-0.503000	-0.021000	557.511812
-0.503000	-0.018200	558.654669
-0.503000	-0.015400	567.797526
-0.503000	-0.012600	584.940383
-0.503000	-0.009800	554.595293
-0.503000	-0.007000	530.595293
-0.503000	-0.004200	514.595293
-0.503000	-0.001400	506.595293
-0.503000	0.001400	506.595293
-0.503000	0.004200	514.595293
-0.503000	0.007000	530.595293
-0.503000	0.009800	554.595293
-0.503000	0.012600	586.595293
-0.503000	0.015400	626.595293
-0.503000	0.018200	674.595293
-0.503000	0.021000	730.595293
-0.503000	0.023800	794.595293
-0.503000	0.026600	864.649731
-0.503000	0.029400	887.506874
-0.503000	0.032200	918.364017
-0.503000	0.035000	957.221160
-0.503000	0.037800	1004.078303
-0.503000	0.040600	1058.935446
-0.503000	0.043400	1121.792588
-0.503000	0.046200	1192.649731
-0.503000	0.049000	1271.506874
-0.503000	0.051800	1358.364017
-0.503000	0.054600	1411.119368
-0.503000	0.057400	1456.833654
-0.503000	0.060200	1510.547940
-0.503000	0.063000	1572.262225
-0.503000	0.065800	1641.976511
-0.503000	0.068600	1674.446274
-0.469000	-0.068600	948.333660
-0.469000	-0.065800	927.762231
-0.469000	-0.063000	915.190802
-0.469000	-0.060200	910.619374
-0.469000	-0.057400	914.047945
-0.469000	-0.054600	896.764438
-0.469000	-0.051800	859.050152
-0.469000	-0.049000	829.335866
-0.469000	-0.046200	807.621581
-0.469000	-0.043400	793.907295
-0.469000	-0.040600	788.193009
-0.469000	-0.037800	743.797516
-0.469000	-0.035000	696.940373
-0.469000	-0.032200	658.083230
-0.469000	-0.029400	627.226087
-0.469000	-0.026600	604.368944
-0.469000	-0.023800	589.511802
-0.469000	-0.021000	582.654659
-0.469000	-0.018200	583.797516
-0.469000	-0.015400	592.940373
-0.469000	-0.012600	610.083230
-0.469000	-0.009800	579.738140
-0.469000	-0.007000	555.738140
-0.469000	-0.004200	539.738140
-0.469000	-0.001400	531.738140
-0.469000	0.001400	531.738140
-0.469000	0.004200	539.738140
-0.469000	0.007000	555.738140
-0.469000	0.009800	579.738140
-0.469000	0.012600	611.738140
-0.469000	0.015400	651.738140
-0.469000	0.018200	699.738140
-0.469000	0.021000	755.738140
-0.469000	0.023800	819.738140
-0.469000	0.026600	889.792578
-0.469000	0.029400	912.649721
-0.469000	0.032200	943.506864
-0.469000	0.035000	982.364007
-0.469000	0.037800	1029.221150
-0.469000	0.040600	1084.078293
-0.469000	0.043400	1146.935436
-0.469000	0.046200	1217.792578
-0.469000	0.049000	1296.649721
-0.469000	0.051800	1383.506864
-0.469000	0.054600	1436.262215
-0.469000	0.057400	1481.976501
-0.469000	0.060200	1535.690787
-0.469000	0.063000	1597.405072
-0.469000	0.065800	1667.119358
-0.469000	0.068600	1699.589121
-0.435000	-0.068600	930.615225
-0.435000	-0.065800	910.043796
-0.435000	-0.063000	897.472368
-0.435000	-0.060200	892.900939
-0.435000	-0.057400	896.329511
-0.435000	-0.054600	905.598230
-0.435000	-0.051800	867.883944
-0.435000	-0.049000	838.169659
-0.435000	-0.046200	816.455373
-0.435000	-0.043400	802.741087
-0.435000	-0.040600	797.026801
-0.435000	-0.037800	776.940363
-0.435000	-0.035000	730.083220
-0.435000	-0.032200	691.226077
-0.435000	-0.029400	660.368934
-0.435000	-0.026600	637.511792
-0.435000	-0.023800	622.654649
-0.435000	-0.021000	615.797506
-0.435000	-0.018200	616.940363
-0.435000	-0.015400	626.083220
-0.435000	-0.012600	636.009948
-0.435000	-0.009800	604.009948
-0.435000	-0.007000	580.009948
-0.435000	-0.004200	564.009948
-0.435000	-0.001400	556.009948
-0.435000	0.001400	556.009948
-0.435000	0.004200	564.009948
-0.435000	0.007000	580.009948
-0.435000	0.009800	604.009948
-0.435000	0.012600	636.009948
-0.435000	0.015400	676.009948
-0.435000	0.018200	724.009948
-0.435000	0.021000	780.009948
-0.435000	0.023800	844.009948
-0.435000	0.026600	916.009948
-0.435000	0.029400	945.792568
-0.435000	0.032200	976.649711
-0.435000	0.035000	1015.506854
-0.435000	0.037800	1062.363997
-0.435000	0.040600	1117.221140
-0.435000	0.043400	1180.078283
-0.435000	0.046200	1250.935425
-0.435000	0.049000	1329.792568
-0.435000	0.051800	1416.649711
-0.435000	0.054600	1469.405062
-0.435000	0.057400	1515.119348
-0.435000	0.060200	1568.833634
-0.435000	0.063000	1630.547920
-0.435000	0.065800	1700.262205
-0.435000	0.068600	1732.731968
-0.401000	-0.068600	914.615225
-0.401000	-0.065800	894.043796
-0.401000	-0.063000	881.472368
-0.401000	-0.060200	876.900939
-0.401000	-0.057400	880.329511
-0.401000	-0.054600	889.598230
-0.401000	-0.051800	851.883944
-0.401000	-0.049000	822.169659
-0.401000	-0.046200	800.455373
-0.401000	-0.043400	786.741087
-0.401000	-0.040600	781.026801
-0.401000	-0.037800	783.312516
-0.401000	-0.035000	754.870758
-0.401000	-0.032200	716.013615
-0.401000	-0.029400	685.156472
-0.401000	-0.026600	662.299330
-0.401000	-0.023800	647.442187
-0.401000	-0.021000	640.585044
-0.401000	-0.018200	641.727901
-0.401000	-0.015400	650.870758
-0.401000	-0.012600	620.009948
-0.401000	-0.009800	588.009948
-0.401000	-0.007000	564.009948
-0.401000	-0.004200	548.009948
-0.401000	-0.001400	540.009948
-0.401000	0.001400	540.009948
-0.401000	0.004200	548.009948
-0.401000	0.007000	564.009948
-0.401000	0.009800	588.009948
-0.401000	0.012600	620.009948
-0.401000	0.015400	660.009948
-0.401000	0.018200	708.009948
-0.401000	0.021000	764.009948
-0.401000	0.023800	828.009948
-0.401000	0.026600	900.009948
-0.401000	0.029400	955.517772
-0.401000	0.032200	986.374915
-0.401000	0.035000	1025.232058
-0.401000	0.037800	1072.089201
-0.401000	0.040600	1126.946344
-0.401000	0.043400	1189.803486
-0.401000	0.046200	1260.660629
-0.401000	0.049000	1339.517772
-0.401000	0.051800	1426.374915
-0.401000	0.054600	1510.547909
-0.401000	0.057400	1556.262195
-0.401000	0.060200	1609.976481
-0.401000	0.063000	1671.690767
-0.401000	0.065800	1741.405052
-0.401000	0.068600	1773.874815
-0.367000	-0.068600	906.615225
-0.367000	-0.065800	886.043796
-0.367000	-0.063000	873.472368
-0.367000	-0.060200	868.900939
-0.367000	-0.057400	872.329511
-0.367000	-0.054600	881.598230
-0.367000	-0.051800	843.883944
-0.367000	-0.049000	814.169659
-0.367000	-0.046200	792.455373
-0.367000	-0.043400	778.741087
-0.367000	-0.040600	773.026801
-0.367000	-0.037800	775.312516
-0.367000	-0.035000	746.870758
-0.367000	-0.032200	708.013615
-0.367000	-0.029400	677.156472
-0.367000	-0.026600	654.299330
-0.367000	-0.023800	639.442187
-0.367000	-0.021000	632.585044
-0.367000	-0.018200	633.727901
-0.367000	-0.015400	642.870758
-0.367000	-0.012600	612.009948
-0.367000	-0.009800	580.009948
-0.367000	-0.007000	556.009948
-0.367000	-0.004200	540.009948
-0.367000	-0.001400	532.009948
-0.367000	0.001400	532.009948
-0.367000	0.004200	540.009948
-0.367000	0.007000	556.009948
-0.367000	0.009800	580.009948
-0.367000	0.012600	612.009948
-0.367000	0.015400	652.009948
-0.367000	0.018200	700.009948
-0.367000	0.021000	756.009948
-0.367000	0.023800	820.009948
-0.367000	0.026600	892.009948
-0.367000	0.029400	947.517772
-0.367000	0.032200	978.374915
-0.367000	0.035000	1017.232058
-0.367000	0.037800	1064.089201
-0.367000	0.040600	1118.946344
-0.367000	0.043400	1181.803486
-0.367000	0.046200	1252.660629
-0.367000	0.049000	1331.517772
-0.367000	0.051800	1418.374915
-0.367000	0.054600	1513.232058
-0.367000	0.057400	1581.714490
-0.367000	0.060200	1635.428776
-0.367000	0.063000	1697.143062
-0.367000	0.065800	1766.857347
-0.367000	0.068600	1820.963461
-0.333000	-0.068600	906.615225
-0.333000	-0.065800	886.043796
-0.333000	-0.063000	873.472368
-0.333000	-0.060200	868.900939
-0.333000	-0.057400	872.329511
-0.333000	-0.054600	881.598230
-0.333000	-0.051800	843.883944
-0.333000	-0.049000	814.169659
-0.333000	-0.046200	792.455373
-0.333000	-0.043400	778.741087
-0.333000	-0.040600	773.026801
-0.333000	-0.037800	775.312516
-0.333000	-0.035000	746.870758
-0.333000	-0.032200	708.013615
-0.333000	-0.029400	677.156472
-0.333000	-0.026600	654.299330
-0.333000	-0.023800	639.442187
-0.333000	-0.021000	632.585044
-0.333000	-0.018200	633.727901
-0.333000	-0.015400	642.870758
-0.333000	-0.012600	612.009948
-0.333000	-0.009800	580.009948
-0.333000	-0.007000	556.009948
-0.333000	-0.004200	540.009948
-0.333000	-0.001400	532.009948
-0.333000	0.001400	532.009948
-0.333000	0.004200	540.009948
-0.333000	0.007000	556.009948
-0.333000	0.009800	580.009948
-0.333000	0.012600	612.009948
-0.333000	0.015400	652.009948
-0.333000	0.018200	700.009948
-0.333000	0.021000	756.009948
-0.333000	0.023800	820.009948
-0.333000	0.026600	892.009948
-0.333000	0.029400	947.517772
-0.333000	0.032200	978.374915
-0.333000	0.035000	1017.232058
-0.333000	0.037800	1064.089201
-0.333000	0.040600	1118.946344
-0.333000	0.043400	1181.803486
-0.333000	0.046200	1252.660629
-0.333000	0.049000	1331.517772
-0.333000	0.051800	1418.374915
-0.333000	0.054600	1513.232058
-0.333000	0.057400	1581.714490
-0.333000	0.060200	1635.428776
-0.333000	0.063000	1697.143062
-0.333000	0.065800	1766.857347
-0.333000	0.068600	1820.963461
-0.299000	-0.068600	914.615225
-0.299000	-0.065800	894.043796
-0.299000	-0.063000	881.472368
-0.299000	-0.060200	876.900939
-0.299000	-0.057400	880.329511
-0.299000	-0.054600	889.598230
-0.299000	-0.051800	851.883944
-0.299000	-0.049000	822.169659
-0.299000	-0.046200	800.455373
-0.299000	-0.043400	786.741087
-0.299000	-0.040600	781.026801
-0.299000	-0.037800	783.312516
-0.299000	-0.035000	754.870758
-0.299000	-0.032200	716.013615
-0.299000	-0.029400	685.156472
-0.299000	-0.026600	662.299330
-0.299000	-0.023800	647.442187
-0.299000	-0.021000	640.585044
-0.299000	-0.018200	641.727901
-0.299000	-0.015400	650.870758
-0.299000	-0.012600	620.009948
-0.299000	-0.009800	588.009948
-0.299000	-0.007000	564.009948
-0.299000	-0.004200	548.009948
-0.299000	-0.001400	540.009948
-0.299000	0.001400	540.009948
-0.299000	0.004200	548.009948
-0.299000	0.007000	564.009948
-0.299000	0.009800	588.009948
-0.299000	0.012600	620.009948
-0.299000	0.015400	660.009948
-0.299000	0.018200	708.009948
-0.299000	0.021000	764.009948
-0.299000	0.023800	828.009948
-0.299000	0.026600	900.009948
-0.299000	0.029400	955.517772
-0.299000	0.032200	986.374915
-0.299000	0.035000	1025.232058
-0.299000	0.037800	1072.089201
-0.299000	0.040600	1126.946344
-0.299000	0.043400	1189.803486
-0.299000	0.046200	1260.660629
-0.299000	0.049000	1339.517772
-0.299000	0.051800	1426.374915
-0.299000	0.054600	1521.232058
-0.299000	0.057400	1589.714490
-0.299000	0.060200	1643.428776
-0.299000	0.063000	1705.143062
-0.299000	0.065800	1774.857347
-0.299000	0.068600	1828.963461
-0.265000	-0.068600	930.615225
-0.265000	-0.065800	910.043796
-0.265000	-0.063000	897.472368
-0.265000	-0.060200	892.900939
-0.265000	-0.057400	896.329511
-0.265000	-0.054600	905.598230
-0.265000	-0.051800	867.883944
-0.265000	-0.049000	838.169659
-0.265000	-0.046200	816.455373
-0.265000	-0.043400	802.741087
-0.265000	-0.040600	797.026801
-0.265000	-0.037800	799.312516
-0.265000	-0.035000	770.870758
-0.265000	-0.032200	732.013615
-0.265000	-0.029400	701.156472
-0.265000	-0.026600	678.299330
-0.265000	-0.023800	663.442187
-0.265000	-0.021000	656.585044
-0.265000	-0.018200	657.727901
-0.265000	-0.015400	666.870758
-0.265000	-0.012600	636.009948
-0.265000	-0.009800	604.009948
-0.265000	-0.007000	580.009948
-0.265000	-0.004200	564.009948
-0.265000	-0.001400	556.009948
-0.265000	0.001400	556.009948
-0.265000	0.004200	564.009948
-0.265000	0.007000	580.009948
-0.265000	0.009800	604.009948
-0.265000	0.012600	636.009948
-0.265000	0.015400	676.009948
-0.265000	0.018200	724.009948
-0.265000	0.021000	780.009948
-0.265000	0.023800	844.009948
-0.265000	0.026600	916.009948
-0.265000	0.029400	971.517772
-0.265000	0.032200	1002.374915
-0.265000	0.035000	1041.232058
-0.265000	0.037800	1088.089201
-0.265000	0.040600	1142.946344
-0.265000	0.043400	1205.803486
-0.265000	0.046200	1276.660629
-0.265000	0.049000	1355.517772
-0.265000	0.051800	1442.374915
-0.265000	0.054600	1537.232058
-0.265000	0.057400	1605.714490
-0.265000	0.060200	1659.428776
-0.265000	0.063000	1721.143062
-0.265000	0.065800	1790.857347
-0.265000	0.068600	1844.963461
-0.231000	-0.068600	954.615225
-0.231000	-0.065800	934.043796
-0.231000	-0.063000	921.472368
-0.231000	-0.060200	916.900939
-0.231000	-0.057400	920.329511
-0.231000	-0.054600	929.598230
-0.231000	-0.051800	891.883944
-0.231000	-0.049000	862.169659
-0.231000	-0.046200	840.455373
-0.231000	-0.043400	826.741087
-0.231000	-0.040600	821.026801
-0.231000	-0.037800	823.312516
-0.231000	-0.035000	794.870758
-0.231000	-0.032200	756.013615
-0.231000	-0.029400	725.156472
-0.231000	-0.026600	702.299330
-0.231000	-0.023800	687.442187
-0.231000	-0.021000	680.585044
-0.231000	-0.018200	681.727901
-0.231000	-0.015400	690.870758
-0.231000	-0.012600	660.009948
-0.231000	-0.009800	628.009948
-0.231000	-0.007000	604.009948
-0.231000	-0.004200	588.009948
-0.231000	-0.001400	580.009948
-0.231000	0.001400	580.009948
-0.231000	0.004200	588.009948
-0.231000	0.007000	604.009948
-0.231000	0.009800	628.009948
-0.231000	0.012600	660.009948
-0.231000	0.015400	700.009948
-0.231000	0.018200	748.009948
-0.231000	0.021000	804.009948
-0.231000	0.023800	868.009948
-0.231000	0.026600	940.009948
-0.231000	0.029400	995.517772
-0.231000	0.032200	1026.374915
-0.231000	0.035000	1065.232058
-0.231000	0.037800	1112.089201
-0.231000	0.040600	1166.946344
-0.231000	0.043400	1229.803486
-0.231000	0.046200	1300.660629
-0.231000	0.049000	1379.517772
-0.231000	0.051800	1466.374915
-0.231000	0.054600	1561.232058
-0.231000	0.057400	1629.714490
-0.231000	0.060200	1683.428776
-0.231000	0.063000	1745.143062
-0.231000	0.065800	1814.857347
-0.231000	0.068600	1868.963461
-0.197000	-0.068600	986.615225
-0.197000	-0.065800	966.043796
-0.197000	-0.063000	953.472368
-0.197000	-0.060200	948.900939
-0.197000	-0.057400	952.329511
-0.197000	-0.054600	961.598230
-0.197000	-0.051800	923.883944
-0.197000	-0.049000	894.169659
-0.197000	-0.046200	872.455373
-0.197000	-0.043400	858.741087
-0.197000	-0.040600	853.026801
-0.197000	-0.037800	855.312516
-0.197000	-0.035000	826.870758
-0.197000	-0.032200	788.013615
-0.197000	-0.029400	757.156472
-0.197000	-0.026600	734.299330
-0.197000	-0.023800	719.442187
-0.197000	-0.021000	712.585044
-0.197000	-0.018200	713.727901
-0.197000	-0.015400	722.870758
-0.197000	-0.012600	692.009948
-0.197000	-0.009800	660.009948
-0.197000	-0.007000	636.009948
-0.197000	-0.004200	620.009948
-0.197000	-0.001400	612.009948
-0.197000	0.001400	612.009948
-0.197000	0.004200	620.009948
-0.197000	0.007000	636.009948
-0.197000	0.009800	660.009948
-0.197000	0.012600	692.009948
-0.197000	0.015400	732.009948
-0.197000	0.018200	780.009948
-0.197000	0.021000	836.009948
-0.197000	0.023800	900.009948
-0.197000	0.026600	972.009948
-0.197000	0.029400	1027.517772
-0.197000	0.032200	1058.374915
-0.197000	0.035000	1097.232058
-0.197000	0.037800	1144.089201
-0.197000	0.040600	1198.946344
-0.197000	0.043400	1261.803486
-0.197000	0.046200	1332.660629
-0.197000	0.049000	1411.517772
-0.197000	0.051800	1498.374915
-0.197000	0.054600	1593.232058
-0.197000	0.057400	1661.714490
-0.197000	0.060200	1715.428776
-0.197000	0.063000	1777.143062
-0.197000	0.065800	1846.857347
-0.197000	0.068600	1900.963461
-0.163000	-0.068600	970.304139
-0.163000	-0.065800	949.732710
-0.163000	-0.063000	937.161282
-0.163000	-0.060200	932.589853
-0.163000	-0.057400	936.018424
-0.163000	-0.054600	947.446996
-0.163000	-0.051800	939.153621
-0.163000	-0.049000	909.439335
-0.163000	-0.046200	887.725049
-0.163000	-0.043400	874.010764
-0.163000	-0.040600	868.296478
-0.163000	-0.037800	870.582192
-0.163000	-0.035000	866.870758
-0.163000	-0.032200	828.013615
-0.163000	-0.029400	797.156472
-0.163000	-0.026600	774.299330
-0.163000	-0.023800	759.442187
-0.163000	-0.021000	752.585044
-0.163000	-0.018200	753.727901
-0.163000	-0.015400	762.870758
-0.163000	-0.012600	732.009948
-0.163000	-0.009800	700.009948
-0.163000	-0.007000	676.009948
-0.163000	-0.004200	660.009948
-0.163000	-0.001400	652.009948
-0.163000	0.001400	652.009948
-0.163000	0.004200	660.009948
-0.163000	0.007000	676.009948
-0.163000	0.009800	700.009948
-0.163000	0.012600	732.009948
-0.163000	0.015400	772.009948
-0.163000	0.018200	820.009948
-0.163000	0.021000	876.009948
-0.163000	0.023800	940.009948
-0.163000	0.026600	1012.009948
-0.163000	0.029400	1067.517772
-0.163000	0.032200	1098.374915
-0.163000	0.035000	1137.232058
-0.163000	0.037800	1184.089201
-0.163000	0.040600	1238.946344
-0.163000	0.043400	1301.803486
-0.163000	0.046200	1372.660629
-0.163000	0.049000	1451.517772
-0.163000	0.051800	1538.374915
-0.163000	0.054600	1633.232058
-0.163000	0.057400	1701.714490
-0.163000	0.060200	1755.428776
-0.163000	0.063000	1817.143062
-0.163000	0.065800	1886.857347
-0.163000	0.068600	1940.963461
-0.129000	-0.068600	961.161292
-0.129000	-0.065800	940.589863
-0.129000	-0.063000	928.018435
-0.129000	-0.060200	923.447006
-0.129000	-0.057400	926.875577
-0.129000	-0.054600	938.304149
-0.129000	-0.051800	930.010774
-0.129000	-0.049000	900.296488
-0.129000	-0.046200	878.582202
-0.129000	-0.043400	864.867917
-0.129000	-0.040600	859.153631
-0.129000	-0.037800	861.439345
-0.129000	-0.035000	871.725059
-0.129000	-0.032200	847.913918
-0.129000	-0.029400	817.056775
-0.129000	-0.026600	794.199633
-0.129000	-0.023800	779.342490
-0.129000	-0.021000	772.485347
-0.129000	-0.018200	773.628204
-0.129000	-0.015400	782.771061
-0.129000	-0.012600	780.009948
-0.129000	-0.009800	748.009948
-0.129000	-0.007000	724.009948
-0.129000	-0.004200	708.009948
-0.129000	-0.001400	700.009948
-0.129000	0.001400	700.009948
-0.129000	0.004200	708.009948
-0.129000	0.007000	724.009948
-0.129000	0.009800	748.009948
-0.129000	0.012600	780.009948
-0.129000	0.015400	820.009948
-0.129000	0.018200	868.009948
-0.129000	0.021000	924.009948
-0.129000	0.023800	988.009948
-0.129000	0.026600	1060.009948
-0.129000	0.029400	1115.517772
-0.129000	0.032200	1146.374915
-0.129000	0.035000	1185.232058
-0.129000	0.037800	1232.089201
-0.129000	0.040600	1286.946344
-0.129000	0.043400	1349.803486
-0.129000	0.046200	1420.660629
-0.129000	0.049000	1499.517772
-0.129000	0.051800	1586.374915
-0.129000	0.054600	1681.232058
-0.129000	0.057400	1749.714490
-0.129000	0.060200	1803.428776
-0.129000	0.063000	1865.143062
-0.129000	0.065800	1934.857347
-0.129000	0.068600	1988.963461
-0.095000	-0.068600	960.018445
-0.095000	-0.065800	939.447016
-0.095000	-0.063000	926.875587
-0.095000	-0.060200	922.304159
-0.095000	-0.057400	925.732730
-0.095000	-0.054600	937.161302
-0.095000	-0.051800	928.867927
-0.095000	-0.049000	899.153641
-0.095000	-0.046200	877.439355
-0.095000	-0.043400	863.725070
-0.095000	-0.040600	858.010784
-0.095000	-0.037800	860.296498
-0.095000	-0.035000	870.582212
-0.095000	-0.032200	846.771071
-0.095000	-0.029400	815.913928
-0.095000	-0.026600	793.056786
-0.095000	-0.023800	778.199643
-0.095000	-0.021000	771.342500
-0.095000	-0.018200	772.485357
-0.095000	-0.015400	781.628214
-0.095000	-0.012600	798.771071
-0.095000	-0.009800	804.009948
-0.095000	-0.007000	780.009948
-0.095000	-0.004200	764.009948
-0.095000	-0.001400	756.009948
-0.095000	0.001400	756.009948
-0.095000	0.004200	764.009948
-0.095000	0.007000	780.009948
-0.095000	0.009800	804.009948
-0.095000	0.012600	836.009948
-0.095000	0.015400	876.009948
-0.095000	0.018200	924.009948
-0.095000	0.021000	980.009948
-0.095000	0.023800	1044.009948
-0.095000	0.026600	1116.009948
-0.095000	0.029400	1171.517772
-0.095000	0.032200	1202.374915
-0.095000	0.035000	1241.232058
-0.095000	0.037800	1288.089201
-0.095000	0.040600	1342.946344
-0.095000	0.043400	1405.803486
-0.095000	0.046200	1476.660629
-0.095000	0.049000	1555.517772
-0.095000	0.051800	1642.374915
-0.095000	0.054600	1737.232058
-0.095000	0.057400	1805.714490
-0.095000	0.060200	1859.428776
-0.095000	0.063000	1921.143062
-0.095000	0.065800	1990.857347
-0.095000	0.068600	2044.963461
-0.061000	-0.068600	966.875598
-0.061000	-0.065800	946.304169
-0.061000	-0.063000	933.732740
-0.061000	-0.060200	929.161312
-0.061000	-0.057400	932.589883
-0.061000	-0.054600	944.018455
-0.061000	-0.051800	935.725080
-0.061000	-0.049000	906.010794
-0.061000	-0.046200	884.296508
-0.061000	-0.043400	870.582223
-0.061000	-0.040600	864.867937
-0.061000	-0.037800	867.153651
-0.061000	-0.035000	877.439365
-0.061000	-0.032200	853.628224
-0.061000	-0.029400	822.771081
-0.061000	-0.026600	799.913938
-0.061000	-0.023800	785.056796
-0.061000	-0.021000	778.199653
-0.061000	-0.018200	779.342510
-0.061000	-0.015400	788.485367
-0.061000	-0.012600	805.628224
-0.061000	-0.009800	830.771081
-0.061000	-0.007000	844.009948
-0.061000	-0.004200	828.009948
-0.061000	-0.001400	820.009948
-0.061000	0.001400	820.009948
-0.061000	0.004200	828.009948
-0.061000	0.007000	844.009948
-0.061000	0.009800	868.009948
-0.061000	0.012600	900.009948
-0.061000	0.015400	940.009948
-0.061000	0.018200	988.009948
-0.061000	0.021000	1044.009948
-0.061000	0.023800	1108.009948
-0.061000	0.026600	1180.009948
-0.061000	0.029400	1235.517772
-0.061000	0.032200	1266.374915
-0.061000	0.035000	1305.232058
-0.061000	0.037800	1352.089201
-0.061000	0.040600	1406.946344
-0.061000	0.043400	1469.803486
-0.061000	0.046200	1540.660629
-0.061000	0.049000	1619.517772
-0.061000	0.051800	1706.374915
-0.061000	0.054600	1801.232058
-0.061000	0.057400	1869.714490
-0.061000	0.060200	1923.428776
-0.061000	0.063000	1985.143062
-0.061000	0.065800	2054.857347
-0.061000	0.068600	2106.678218
-0.027000	-0.068600	981.732751
-0.027000	-0.065800	961.161322
-0.027000	-0.063000	948.589893
-0.027000	-0.060200	944.018465
-0.027000	-0.057400	947.447036
-0.027000	-0.054600	958.875608
-0.027000	-0.051800	950.582233
-0.027000	-0.049000	920.867947
-0.027000	-0.046200	899.153661
-0.027000	-0.043400	885.439375
-0.027000	-0.040600	879.725090
-0.027000	-0.037800	882.010804
-0.027000	-0.035000	892.296518
-0.027000	-0.032200	868.485377
-0.027000	-0.029400	837.628234
-0.027000	-0.026600	814.771091
-0.027000	-0.023800	799.913949
-0.027000	-0.021000	793.056806
-0.027000	-0.018200	794.199663
-0.027000	-0.015400	803.342520
-0.027000	-0.012600	820.485377
-0.027000	-0.009800	845.628234
-0.027000	-0.007000	878.771091
-0.027000	-0.004200	900.009948
-0.027000	-0.001400	892.009948
-0.027000	0.001400	892.009948
-0.027000	0.004200	900.009948
-0.027000	0.007000	916.009948
-0.027000	0.009800	940.009948
-0.027000	0.012600	972.009948
-0.027000	0.015400	1012.009948
-0.027000	0.018200	1060.009948
-0.027000	0.021000	1116.009948
-0.027000	0.023800	1180.009948
-0.027000	0.026600	1252.009948
-0.027000	0.029400	1307.517772
-0.027000	0.032200	1338.374915
-0.027000	0.035000	1377.232058
-0.027000	0.037800	1424.089201
-0.027000	0.040600	1478.946344
-0.027000	0.043400	1541.803486
-0.027000	0.046200	1612.660629
-0.027000	0.049000	1691.517772
-0.027000	0.051800	1778.374915
-0.027000	0.054600	1873.232058
-0.027000	0.057400	1941.714490
-0.027000	0.060200	1995.428776
-0.027000	0.063000	2057.143062
-0.027000	0.065800	2100.963942
-0.027000	0.068600	2121.535371
0.007000	-0.068600	1004.589903
0.007000	-0.065800	984.018475
0.007000	-0.063000	971.447046
0.007000	-0.060200	966.875618
0.007000	-0.057400	970.304189
0.007000	-0.054600	981.732761
0.007000	-0.051800	973.439386
0.007000	-0.049000	943.725100
0.007000	-0.046200	922.010814
0.007000	-0.043400	908.296528
0.007000	-0.040600	902.582243
0.007000	-0.037800	904.867957
0.007000	-0.035000	915.153671
0.007000	-0.032200	891.342530
0.007000	-0.029400	860.485387
0.007000	-0.026600	837.628244
0.007000	-0.023800	822.771101
0.007000	-0.021000	815.913959
0.007000	-0.018200	817.056816
0.007000	-0.015400	826.199673
0.007000	-0.012600	843.342530
0.007000	-0.009800	868.485387
0.007000	-0.007000	901.628244
0.007000	-0.004200	942.771101
0.007000	-0.001400	972.009948
0.007000	0.001400	972.009948
0.007000	0.004200	980.009948
0.007000	0.007000	996.009948
0.007000	0.009800	1020.009948
0.007000	0.012600	1052.009948
0.007000	0.015400	1092.009948
0.007000	0.018200	1140.009948
0.007000	0.021000	1196.009948
0.007000	0.023800	1260.009948
0.007000	0.026600	1332.009948
0.007000	0.029400	1387.517772
0.007000	0.032200	1418.374915
0.007000	0.035000	1457.232058
0.007000	0.037800	1504.089201
0.007000	0.040600	1558.946344
0.007000	0.043400	1621.803486
0.007000	0.046200	1692.660629
0.007000	0.049000	1771.517772
0.007000	0.051800	1858.374915
0.007000	0.054600	1953.232058
0.007000	0.057400	2021.714490
0.007000	0.060200	2075.428776
0.007000	0.063000	2111.249666
0.007000	0.065800	2123.821095
0.007000	0.068600	2144.392524
0.041000	-0.068600	1035.447056
0.041000	-0.065800	1014.875628
0.041000	-0.063000	1002.304199
0.041000	-0.060200	997.732771
0.041000	-0.057400	1001.161342
0.041000	-0.054600	1012.589914
0.041000	-0.051800	1004.296538
0.041000	-0.049000	974.582253
0.041000	-0.046200	952.867967
0.041000	-0.043400	939.153681
0.041000	-0.040600	933.439396
0.041000	-0.037800	935.725110
0.041000	-0.035000	946.010824
0.041000	-0.032200	922.199683
0.041000	-0.029400	891.342540
0.041000	-0.026600	868.485397
0.041000	-0.023800	853.628254
0.041000	-0.021000	846.771112
0.041000	-0.018200	847.913969
0.041000	-0.015400	857.056826
0.041000	-0.012600	874.199683
0.041000	-0.009800	899.342540
0.041000	-0.007000	932.485397
0.041000	-0.004200	973.628254
0.041000	-0.001400	1022.771112
0.041000	0.001400	1060.009948
0.041000	0.004200	1068.009948
0.041000	0.007000	1084.009948
0.041000	0.009800	1108.009948
0.041000	0.012600	1140.009948
0.041000	0.015400	1180.009948
0.041000	0.018200	1228.009948
0.041000	0.021000	1284.009948
0.041000	0.023800	1348.009948
0.041000	0.026600	1420.009948
0.041000	0.029400	1475.517772
0.041000	0.032200	1506.374915
0.041000	0.035000	1545.232058
0.041000	0.037800	1592.089201
0.041000	0.040600	1646.946344
0.041000	0.043400	1709.803486
0.041000	0.046200	1780.660629
0.041000	0.049000	1859.517772
0.041000	0.051800	1946.374915
0.041000	0.054600	2035.438084
0.041000	0.057400	2081.152370
0.041000	0.060200	2134.866656
0.041000	0.063000	2142.106819
0.041000	0.065800	2154.678248
0.041000	0.068600	2175.249676
0.075000	-0.068600	1018.286651
0.075000	-0.065800	997.715223
0.075000	-0.063000	985.143794
0.075000	-0.060200	980.572366
0.075000	-0.057400	984.000937
0.075000	-0.054600	995.429509
0.075000	-0.051800	1008.200618
0.075000	-0.049000	978.486333
0.075000	-0.046200	956.772047
0.075000	-0.043400	943.057761
0.075000	-0.040600	937.343475
0.075000	-0.037800	939.629190
0.075000	-0.035000	949.914904
0.075000	-0.032200	961.056836
0.075000	-0.029400	930.199693
0.075000	-0.026600	907.342550
0.075000	-0.023800	892.485407
0.075000	-0.021000	885.628265
0.075000	-0.018200	886.771122
0.075000	-0.015400	895.913979
0.075000	-0.012600	913.056836
0.075000	-0.009800	938.199693
0.075000	-0.007000	971.342550
0.075000	-0.004200	1012.485407
0.075000	-0.001400	1061.628265
0.075000	0.001400	1118.771122
0.075000	0.004200	1164.009948
0.075000	0.007000	1180.009948
0.075000	0.009800	1204.009948
0.075000	0.012600	1236.009948
0.075000	0.015400	1276.009948
0.075000	0.018200	1324.009948
0.075000	0.021000	1380.009948
0.075000	0.023800	1444.009948
0.075000	0.026600	1516.009948
0.075000	0.029400	1571.517772
0.075000	0.032200	1602.374915
0.075000	0.035000	1641.232058
0.075000	0.037800	1688.089201
0.075000	0.040600	1742.946344
0.075000	0.043400	1805.803486
0.075000	0.046200	1876.660629
0.075000	0.049000	1955.517772
0.075000	0.051800	2036.580952
0.075000	0.054600	2074.295237
0.075000	0.057400	2120.009523
0.075000	0.060200	2173.723809
0.075000	0.063000	2180.963972
0.075000	0.065800	2193.535401
0.075000	0.068600	2214.106829
0.109000	-0.068600	1008.000934
0.109000	-0.065800	987.429505
0.109000	-0.063000	974.858077
0.109000	-0.060200	970.286648
0.109000	-0.057400	973.715219
0.109000	-0.054600	985.143791
0.109000	-0.051800	997.914901
0.109000	-0.049000	968.200615
0.109000	-0.046200	946.486329
0.109000	-0.043400	932.772043
0.109000	-0.040600	927.057758
0.109000	-0.037800	929.343472
0.109000	-0.035000	939.629186
0.109000	-0.032200	957.914901
0.109000	-0.029400	977.056846
0.109000	-0.026600	954.199703
0.109000	-0.023800	939.342560
0.109000	-0.021000	932.485417
0.109000	-0.018200	933.628275
0.109000	-0.015400	942.771132
0.109000	-0.012600	959.913989
0.109000	-0.009800	985.056846
0.109000	-0.007000	1018.199703
0.109000	-0.004200	1059.342560
0.109000	-0.001400	1108.485417
0.109000	0.001400	1165.628275
0.109000	0.004200	1230.771132
0.109000	0.007000	1284.009948
0.109000	0.009800	1308.009948
0.109000	0.012600	1340.009948
0.109000	0.015400	1380.009948
0.109000	0.018200	1428.009948
0.109000	0.021000	1484.009948
0.109000	0.023800	1548.009948
0.109000	0.026600	1620.009948
0.109000	0.029400	1675.517772
0.109000	0.032200	1706.374915
0.109000	0.035000	1745.232058
0.109000	0.037800	1792.089201
0.109000	0.040600	1846.946344
0.109000	0.043400	1909.803486
0.109000	0.046200	1980.660629
0.109000	0.049000	2053.723819
0.109000	0.051800	2083.438105
0.109000	0.054600	2121.152390
0.109000	0.057400	2166.866676
0.109000	0.060200	2220.580962
0.109000	0.063000	2227.821125
0.109000	0.065800	2240.392554
0.109000	0.068600	2260.963982
0.143000	-0.068600	1005.715216
0.143000	-0.065800	985.143788
0.143000	-0.063000	972.572359
0.143000	-0.060200	968.000930
0.143000	-0.057400	971.429502
0.143000	-0.054600	982.858073
0.143000	-0.051800	995.629183
0.143000	-0.049000	965.914897
0.143000	-0.046200	944.200612
0.143000	-0.043400	930.486326
0.143000	-0.040600	924.772040
0.143000	-0.037800	927.057754
0.143000	-0.035000	937.343469
0.143000	-0.032200	955.629183
0.143000	-0.029400	981.914897
0.143000	-0.026600	1009.056856
0.143000	-0.023800	994.199713
0.143000	-0.021000	987.342570
0.143000	-0.018200	988.485428
0.143000	-0.015400	997.628285
0.143000	-0.012600	1014.771142
0.143000	-0.009800	1039.913999
0.143000	-0.007000	1073.056856
0.143000	-0.004200	1114.199713
0.143000	-0.001400	1163.342570
0.143000	0.001400	1220.485428
0.143000	0.004200	1285.628285
0.143000	0.007000	1358.771142
0.143000	0.009800	1390.064730
0.143000	0.012600	1422.064730
0.143000	0.015400	1462.064730
0.143000	0.018200	1510.064730
0.143000	0.021000	1566.064730
0.143000	0.023800	1630.064730
0.143000	0.026600	1702.064730
0.143000	0.029400	1742.544882
0.143000	0.032200	1773.402025
0.143000	0.035000	1812.259168
0.143000	0.037800	1859.116310
0.143000	0.040600	1913.973453
0.143000	0.043400	1976.830596
0.143000	0.046200	2047.687739
0.143000	0.049000	2108.580972
0.143000	0.051800	2138.295257
0.143000	0.054600	2176.009543
0.143000	0.057400	2221.723829
0.143000	0.060200	2275.438115
0.143000	0.063000	2282.678278
0.143000	0.065800	2295.249707
0.143000	0.068600	2315.821135
0.177000	-0.068600	1011.429498
0.177000	-0.065800	990.858070
0.177000	-0.063000	978.286641
0.177000	-0.060200	973.715213
0.177000	-0.057400	977.143784
0.177000	-0.054600	988.572356
0.177000	-0.051800	1001.343465
0.177000	-0.049000	971.629180
0.177000	-0.046200	949.914894
0.177000	-0.043400	936.200608
0.177000	-0.040600	930.486322
0.177000	-0.037800	932.772037
0.177000	-0.035000	943.057751
0.177000	-0.032200	961.343465
0.177000	-0.029400	987.629180
0.177000	-0.026600	1021.914894
0.177000	-0.023800	1057.056866
0.177000	-0.021000	1050.199723
0.177000	-0.018200	1051.342580
0.177000	-0.015400	1060.485438
0.177000	-0.012600	1077.628295
0.177000	-0.009800	1102.771152
0.177000	-0.007000	1135.914009
0.177000	-0.004200	1177.056866
0.177000	-0.001400	1226.199723
0.177000	0.001400	1283.342580
0.177000	0.004200	1348.485438
0.177000	0.007000	1421.628295
0.177000	0.009800	1452.921883
0.177000	0.012600	1484.921883
0.177000	0.015400	1524.921883
0.177000	0.018200	1572.921883
0.177000	0.021000	1628.921883
0.177000	0.023800	1692.921883
0.177000	0.026600	1764.921883
0.177000	0.029400	1805.402035
0.177000	0.032200	1836.259178
0.177000	0.035000	1875.116321
0.177000	0.037800	1921.973463
0.177000	0.040600	1976.830606
0.177000	0.043400	2039.687749
0.177000	0.046200	2110.544892
0.177000	0.049000	2171.438125
0.177000	0.051800	2201.152410
0.177000	0.054600	2238.866696
0.177000	0.057400	2284.580982
0.177000	0.060200	2338.295268
0.177000	0.063000	2345.535431
0.177000	0.065800	2358.106860
0.177000	0.068600	2378.678288
0.211000	-0.068600	1025.143781
0.211000	-0.065800	1004.572352
0.211000	-0.063000	992.000924
0.211000	-0.060200	987.429495
0.211000	-0.057400	990.858066
0.211000	-0.054600	1002.286638
0.211000	-0.051800	1015.057748
0.211000	-0.049000	985.343462
0.211000	-0.046200	963.629176
0.211000	-0.043400	949.914891
0.211000	-0.040600	944.200605
0.211000	-0.037800	946.486319
0.211000	-0.035000	956.772033
0.211000	-0.032200	975.057748
0.211000	-0.029400	1001.343462
0.211000	-0.026600	1035.629176
0.211000	-0.023800	1077.914891
0.211000	-0.021000	1121.056876
0.211000	-0.018200	1122.199733
0.211000	-0.015400	1131.342591
0.211000	-0.012600	1148.485448
0.211000	-0.009800	1173.628305
0.211000	-0.007000	1206.771162
0.211000	-0.004200	1247.914019
0.211000	-0.001400	1297.056876
0.211000	0.001400	1354.199733
0.211000	0.004200	1419.342591
0.211000	0.007000	1492.485448
0.211000	0.009800	1523.779036
0.211000	0.012600	1555.779036
0.211000	0.015400	1595.779036
0.211000	0.018200	1643.779036
0.211000	0.021000	1699.779036
0.211000	0.023800	1763.779036
0.211000	0.026600	1835.779036
0.211000	0.029400	1876.259188
0.211000	0.032200	1907.116331
0.211000	0.035000	1945.973473
0.211000	0.037800	1992.830616
0.211000	0.040600	2047.687759
0.211000	0.043400	2110.544902
0.211000	0.046200	2181.402045
0.211000	0.049000	2242.295278
0.211000	0.051800	2272.009563
0.211000	0.054600	2309.723849
0.211000	0.057400	2355.438135
0.211000	0.060200	2409.152420
0.211000	0.063000	2416.392584
0.211000	0.065800	2428.964013
0.211000	0.068600	2449.535441
0.245000	-0.068600	1046.858063
0.245000	-0.065800	1026.286635
0.245000	-0.063000	1013.715206
0.245000	-0.060200	1009.143777
0.245000	-0.057400	1012.572349
0.245000	-0.054600	1024.000920
0.245000	-0.051800	1036.772030
0.245000	-0.049000	1007.057744
0.245000	-0.046200	985.343459
0.245000	-0.043400	971.629173
0.245000	-0.040600	965.914887
0.245000	-0.037800	968.200601
0.245000	-0.035000	978.486316
0.245000	-0.032200	996.772030
0.245000	-0.029400	1023.057744
0.245000	-0.026600	1057.343459
0.245000	-0.023800	1099.629173
0.245000	-0.021000	1149.914887
0.245000	-0.018200	1201.056886
0.245000	-0.015400	1210.199743
0.245000	-0.012600	1227.342601
0.245000	-0.009800	1252.485458
0.245000	-0.007000	1285.628315
0.245000	-0.004200	1326.771172
0.245000	-0.001400	1375.914029
0.245000	0.001400	1433.056886
0.245000	0.004200	1498.199743
0.245000	0.007000	1571.342601
0.245000	0.009800	1602.636189
0.245000	0.012600	1634.636189
0.245000	0.015400	1674.636189
0.245000	0.018200	1722.636189
0.245000	0.021000	1778.636189
0.245000	0.023800	1842.636189
0.245000	0.026600	1914.636189
0.245000	0.029400	1955.116341
0.245000	0.032200	1985.973484
0.245000	0.035000	2024.830626
0.245000	0.037800	2071.687769
0.245000	0.040600	2126.544912
0.245000	0.043400	2189.402055
0.245000	0.046200	2260.259198
0.245000	0.049000	2321.152431
0.245000	0.051800	2350.866716
0.245000	0.054600	2388.581002
0.245000	0.057400	2434.295288
0.245000	0.060200	2443.714295
0.245000	0.063000	2448.285724
0.245000	0.065800	2460.857152
0.245000	0.068600	2481.428581
0.279000	-0.068600	1031.670457
0.279000	-0.065800	1011.099028
0.279000	-0.063000	998.527600
0.279000	-0.060200	993.956171
0.279000	-0.057400	997.384743
0.279000	-0.054600	1008.813314
0.279000	-0.051800	1028.241885
0.279000	-0.049000	1036.772027
0.279000	-0.046200	1015.057741
0.279000	-0.043400	1001.343455
0.279000	-0.040600	995.629170
0.279000	-0.037800	997.914884
0.279000	-0.035000	1008.200598
0.279000	-0.032200	1026.486312
0.279000	-0.029400	1052.772027
0.279000	-0.026600	1087.057741
0.279000	-0.023800	1129.343455
0.279000	-0.021000	1179.629170
0.279000	-0.018200	1237.914884
0.279000	-0.015400	1297.056896
0.279000	-0.012600	1314.199754
0.279000	-0.009800	1339.342611
0.279000	-0.007000	1372.485468
0.279000	-0.004200	1413.628325
0.279000	-0.001400	1462.771182
0.279000	0.001400	1519.914039
0.279000	0.004200	1585.056896
0.279000	0.007000	1658.199754
0.279000	0.009800	1689.493341
0.279000	0.012600	1721.493341
0.279000	0.015400	1761.493341
0.279000	0.018200	1809.493341
0.279000	0.021000	1865.493341
0.279000	0.023800	1929.493341
0.279000	0.026600	2001.493341
0.279000	0.029400	2041.973494
0.279000	0.032200	2072.830636
0.279000	0.035000	2111.687779
0.279000	0.037800	2158.544922
0.279000	0.040600	2213.402065
0.279000	0.043400	2276.259208
0.279000	0.046200	2347.116351
0.279000	0.049000	2408.009584
0.279000	0.051800	2437.723869
0.279000	0.054600	2475.438155
0.279000	0.057400	2476.857149
0.279000	0.060200	2473.428578
0.279000	0.063000	2478.000006
0.279000	0.065800	2490.571435
0.279000	0.068600	2511.142863
0.313000	-0.068600	1012.241892
0.313000	-0.065800	991.670464
0.313000	-0.063000	979.099035
0.313000	-0.060200	974.527606
0.313000	-0.057400	977.956178
0.313000	-0.054600	989.384749
0.313000	-0.051800	1008.813321
0.313000	-0.049000	1036.241892
0.313000	-0.046200	1052.772023
0.313000	-0.043400	1039.057738
0.313000	-0.040600	1033.343452
0.313000	-0.037800	1035.629166
0.313000	-0.035000	1045.914880
0.313000	-0.032200	1064.200595
0.313000	-0.029400	1090.486309
0.313000	-0.026600	1124.772023
0.313000	-0.023800	1167.057738
0.313000	-0.021000	1217.343452
0.313000	-0.018200	1275.629166
0.313000	-0.015400	1341.914880
0.313000	-0.012600	1409.056907
0.313000	-0.009800	1434.199764
0.313000	-0.007000	1467.342621
0.313000	-0.004200	1508.485478
0.313000	-0.001400	1557.628335
0.313000	0.001400	1614.771192
0.313000	0.004200	1679.914049
0.313000	0.007000	1753.056907
0.313000	0.009800	1784.350494
0.313000	0.012600	1816.350494
0.313000	0.015400	1856.350494
0.313000	0.018200	1904.350494
0.313000	0.021000	1960.350494
0.313000	0.023800	2024.350494
0.313000	0.026600	2096.350494
0.313000	0.029400	2136.830647
0.313000	0.032200	2167.687789
0.313000	0.035000	2206.544932
0.313000	0.037800	2253.402075
0.313000	0.040600	2308.259218
0.313000	0.043400	2371.116361
0.313000	0.046200	2441.973504
0.313000	0.049000	2486.479260
0.313000	0.051800	2516.193546
0.313000	0.054600	2526.000003
0.313000	0.057400	2514.571431
0.313000	0.060200	2511.142860
0.313000	0.063000	2515.714289
0.313000	0.065800	2528.285717
0.313000	0.068600	2548.857146
0.347000	-0.068600	1000.813327
0.347000	-0.065800	980.241899
0.347000	-0.063000	967.670470
0.347000	-0.060200	963.099042
0.347000	-0.057400	966.527613
0.347000	-0.054600	977.956185
0.347000	-0.051800	997.384756
0.347000	-0.049000	1024.813327
0.347000	-0.046200	1060.241899
0.347000	-0.043400	1084.772020
0.347000	-0.040600	1079.057734
0.347000	-0.037800	1081.343449
0.347000	-0.035000	1091.629163
0.347000	-0.032200	1109.914877
0.347000	-0.029400	1136.200591
0.347000	-0.026600	1170.486306
0.347000	-0.023800	1212.772020
0.347000	-0.021000	1263.057734
0.347000	-0.018200	1321.343449
0.347000	-0.015400	1387.629163
0.347000	-0.012600	1461.914877
0.347000	-0.009800	1537.056917
0.347000	-0.007000	1570.199774
0.347000	-0.004200	1611.342631
0.347000	-0.001400	1660.485488
0.347000	0.001400	1717.628345
0.347000	0.004200	1782.771202
0.347000	0.007000	1855.914059
0.347000	0.009800	1887.207647
0.347000	0.012600	1919.207647
0.347000	0.015400	1959.207647
0.347000	0.018200	2007.207647
0.347000	0.021000	2063.207647
0.347000	0.023800	2127.207647
0.347000	0.026600	2199.207647
0.347000	0.029400	2239.687800
0.347000	0.032200	2270.544942
0.347000	0.035000	2309.402085
0.347000	0.037800	2356.259228
0.347000	0.040600	2411.116371
0.347000	0.043400	2473.973514
0.347000	0.046200	2510.479257
0.347000	0.049000	2532.193543
0.347000	0.051800	2561.907829
0.347000	0.054600	2571.714285
0.347000	0.057400	2560.285714
0.347000	0.060200	2556.857142
0.347000	0.063000	2561.428571
0.347000	0.065800	2573.999999
0.347000	0.068600	2594.571428
0.381000	-0.068600	997.384763
0.381000	-0.065800	976.813334
0.381000	-0.063000	964.241906
0.381000	-0.060200	959.670477
0.381000	-0.057400	963.099048
0.381000	-0.054600	974.527620
0.381000	-0.051800	993.956191
0.381000	-0.049000	1021.384763
0.381000	-0.046200	1056.813334
0.381000	-0.043400	1100.241906
0.381000	-0.040600	1132.772017
0.381000	-0.037800	1135.057731
0.381000	-0.035000	1145.343445
0.381000	-0.032200	1163.629159
0.381000	-0.029400	1189.914874
0.381000	-0.026600	1224.200588
0.381000	-0.023800	1266.486302
0.381000	-0.021000	1316.772017
0.381000	-0.018200	1375.057731
0.381000	-0.015400	1441.343445
0.381000	-0.012600	1515.629159
0.381000	-0.009800	1597.914874
0.381000	-0.007000	1681.056927
0.381000	-0.004200	1722.199784
0.381000	-0.001400	1771.342641
0.381000	0.001400	1828.485498
0.381000	0.004200	1893.628355
0.381000	0.007000	1966.771212
0.381000	0.009800	1998.064800
0.381000	0.012600	2030.064800
0.381000	0.015400	2070.064800
0.381000	0.018200	2118.064800
0.381000	0.021000	2174.064800
0.381000	0.023800	2238.064800
0.381000	0.026600	2310.064800
0.381000	0.029400	2350.544952
0.381000	0.032200	2381.402095
0.381000	0.035000	2420.259238
0.381000	0.037800	2467.116381
0.381000	0.040600	2521.973524
0.381000	0.043400	2550.479254
0.381000	0.046200	2564.193539
0.381000	0.049000	2585.907825
0.381000	0.051800	2615.622111
0.381000	0.054600	2625.428568
0.381000	0.057400	2613.999996
0.381000	0.060200	2610.571425
0.381000	0.063000	2615.142853
0.381000	0.065800	2627.714282
0.381000	0.068600	2648.285710
0.415000	-0.068600	1001.956198
0.415000	-0.065800	981.384770
0.415000	-0.063000	968.813341
0.415000	-0.060200	964.241912
0.415000	-0.057400	967.670484
0.415000	-0.054600	979.099055
0.415000	-0.051800	998.527627
0.415000	-0.049000	1025.956198
0.415000	-0.046200	1061.384770
0.415000	-0.043400	1104.813341
0.415000	-0.040600	1156.241912
0.415000	-0.037800	1189.628372
0.415000	-0.035000	1199.914086
0.415000	-0.032200	1218.199801
0.415000	-0.029400	1244.485515
0.415000	-0.026600	1278.771229
0.415000	-0.023800	1321.056943
0.415000	-0.021000	1371.342658
0.415000	-0.018200	1429.628372
0.415000	-0.015400	1495.914086
0.415000	-0.012600	1570.199801
0.415000	-0.009800	1652.485515
0.415000	-0.007000	1742.771229
0.415000	-0.004200	1841.056937
0.415000	-0.001400	1890.199794
0.415000	0.001400	1947.342651
0.415000	0.004200	2012.485508
0.415000	0.007000	2085.628365
0.415000	0.009800	2116.921953
0.415000	0.012600	2148.921953
0.415000	0.015400	2188.921953
0.415000	0.018200	2236.921953
0.415000	0.021000	2292.921953
0.415000	0.023800	2356.921953
0.415000	0.026600	2403.281763
0.415000	0.029400	2426.138905
0.415000	0.032200	2456.996048
0.415000	0.035000	2495.853191
0.415000	0.037800	2542.710334
0.415000	0.040600	2597.567477
0.415000	0.043400	2612.193536
0.415000	0.046200	2625.907822
0.415000	0.049000	2647.622108
0.415000	0.051800	2677.336393
0.415000	0.054600	2687.142850
0.415000	0.057400	2675.714278
0.415000	0.060200	2672.285707
0.415000	0.063000	2676.857136
0.415000	0.065800	2689.428564
0.415000	0.068600	2709.999993
0.449000	-0.068600	1014.527633
0.449000	-0.065800	993.956205
0.449000	-0.063000	981.384776
0.449000	-0.060200	976.813348
0.449000	-0.057400	980.241919
0.449000	-0.054600	991.670491
0.449000	-0.051800	1011.099062
0.449000	-0.049000	1038.527633
0.449000	-0.046200	1073.956205
0.449000	-0.043400	1117.384776
0.449000	-0.040600	1168.813348
0.449000	-0.037800	1202.199807
0.449000	-0.035000	1212.485522
0.449000	-0.032200	1230.771236
0.449000	-0.029400	1257.056950
0.449000	-0.026600	1291.342665
0.449000	-0.023800	1333.628379
0.449000	-0.021000	1383.914093
0.449000	-0.018200	1442.199807
0.449000	-0.015400	1508.485522
0.449000	-0.012600	1582.771236
0.449000	-0.009800	1665.056950
0.449000	-0.007000	1755.342665
0.449000	-0.004200	1853.628379
0.449000	-0.001400	1959.914093
0.449000	0.001400	2074.199804
0.449000	0.004200	2139.342661
0.449000	0.007000	2212.485518
0.449000	0.009800	2243.779106
0.449000	0.012600	2275.779106
0.449000	0.015400	2315.779106
0.449000	0.018200	2363.779106
0.449000	0.021000	2419.779106
0.449000	0.023800	2458.138902
0.449000	0.026600	2472.996045
0.449000	0.029400	2495.853188
0.449000	0.032200	2526.710331
0.449000	0.035000	2565.567474
0.449000	0.037800	2612.424616
0.449000	0.040600	2667.281759
0.449000	0.043400	2681.907818
0.449000	0.046200	2695.622104
0.449000	0.049000	2717.336390
0.449000	0.051800	2747.050676
0.449000	0.054600	2756.857132
0.449000	0.057400	2745.428561
0.449000	0.060200	2741.999989
0.449000	0.063000	2746.571418
0.449000	0.065800	2759.142847
0.449000	0.068600	2779.714275
0.483000	-0.068600	1035.099069
0.483000	-0.065800	1014.527640
0.483000	-0.063000	1001.956212
0.483000	-0.060200	997.384783
0.483000	-0.057400	1000.813354
0.483000	-0.054600	1012.241926
0.483000	-0.051800	1031.670497
0.483000	-0.049000	1059.099069
0.483000	-0.046200	1094.527640
0.483000	-0.043400	1137.956212
0.483000	-0.040600	1189.384783
0.483000	-0.037800	1222.771243
0.483000	-0.035000	1233.056957
0.483000	-0.032200	1251.342671
0.483000	-0.029400	1277.628386
0.483000	-0.026600	1311.914100
0.483000	-0.023800	1354.199814
0.483000	-0.021000	1404.485528
0.483000	-0.018200	1462.771243
0.483000	-0.015400	1529.056957
0.483000	-0.012600	1603.342671
0.483000	-0.009800	1685.628386
0.483000	-0.007000	1775.914100
0.483000	-0.004200	1874.199814
0.483000	-0.001400	1980.485528
0.483000	0.001400	2094.771243
0.483000	0.004200	2217.056957
0.483000	0.007000	2347.342671
0.483000	0.009800	2378.636259
0.483000	0.012600	2410.636259
0.483000	0.015400	2450.636259
0.483000	0.018200	2472.996052
0.483000	0.021000	2471.853195
0.483000	0.023800	2478.710337
0.483000	0.026600	2493.567480
0.483000	0.029400	2516.424623
0.483000	0.032200	2547.281766
0.483000	0.035000	2586.138909
0.483000	0.037800	2632.996052
0.483000	0.040600	2687.853195
0.483000	0.043400	2702.479254
0.483000	0.046200	2716.193539
0.483000	0.049000	2737.907825
0.483000	0.051800	2767.622111
0.483000	0.054600	2777.428568
0.483000	0.057400	2765.999996
0.483000	0.060200	2762.571425
0.483000	0.063000	2767.142853
0.483000	0.065800	2779.714282
0.483000	0.068600	2800.285710
