-1.175714	-0.068000	714.640006
-1.175714	-0.064000	699.220496
-1.175714	-0.060000	700.127516
-1.175714	-0.056000	717.361067
-1.175714	-0.052000	712.825925
-1.175714	-0.048000	699.220496
-1.175714	-0.044000	701.941598
-1.175714	-0.040000	720.989231
-1.175714	-0.036000	711.011884
-1.175714	-0.032000	699.220496
-1.175714	-0.028000	699.220496
-1.175714	-0.024000	656.590129
-1.175714	-0.020000	630.286292
-1.175714	-0.016000	620.308986
-1.175714	-0.012000	626.658210
-1.175714	-0.008000	649.333965
-1.175714	-0.004000	688.336251
-1.175714	-0.000000	722.189301
-1.175714	0.004000	730.352566
-1.175714	0.008000	754.842362
-1.175714	0.012000	795.658689
-1.175714	0.016000	838.297663
-1.175714	0.020000	848.274969
-1.175714	0.024000	874.578806
-1.175714	0.028000	917.209174
-1.175714	0.032000	966.300859
-1.175714	0.036000	978.092246
-1.175714	0.040000	1006.210165
-1.175714	0.044000	1050.654614
-1.175714	0.048000	1089.078602
-1.175714	0.052000	1102.684030
-1.175714	0.056000	1132.615990
-1.175714	0.060000	1162.081267
-1.175714	0.064000	1161.174247
-1.175714	0.068000	1176.593757
-1.127143	-0.068000	699.220814
-1.127143	-0.064000	683.801304
-1.127143	-0.060000	684.708325
-1.127143	-0.056000	701.941876
-1.127143	-0.052000	697.406733
-1.127143	-0.048000	683.801304
-1.127143	-0.044000	686.522406
-1.127143	-0.040000	705.570039
-1.127143	-0.036000	695.592692
-1.127143	-0.032000	683.801304
-1.127143	-0.028000	683.801304
-1.127143	-0.024000	641.170937
-1.127143	-0.020000	614.867100
-1.127143	-0.016000	604.889794
-1.127143	-0.012000	611.239019
-1.127143	-0.008000	633.914774
-1.127143	-0.004000	672.917059
-1.127143	-0.000000	706.770109
-1.127143	0.004000	714.933374
-1.127143	0.008000	739.423170
-1.127143	0.012000	780.239497
-1.127143	0.016000	822.878472
-1.127143	0.020000	832.855778
-1.127143	0.024000	859.159615
-1.127143	0.028000	901.789982
-1.127143	0.032000	950.881667
-1.127143	0.036000	962.673055
-1.127143	0.040000	990.790973
-1.127143	0.044000	1035.235422
-1.127143	0.048000	1073.659410
-1.127143	0.052000	1087.264839
-1.127143	0.056000	1117.196798
-1.127143	0.060000	1146.662076
-1.127143	0.064000	1145.755055
-1.127143	0.068000	1161.174565
-1.078571	-0.068000	700.128052
-1.078571	-0.064000	684.708542
-1.078571	-0.060000	685.615562
-1.078571	-0.056000	702.849113
-1.078571	-0.052000	698.313970
-1.078571	-0.048000	684.708542
-1.078571	-0.044000	687.429644
-1.078571	-0.040000	706.477277
-1.078571	-0.036000	682.731684
-1.078571	-0.032000	670.940296
-1.078571	-0.028000	675.475439
-1.078571	-0.024000	642.078174
-1.078571	-0.020000	615.774338
-1.078571	-0.016000	605.797032
-1.078571	-0.012000	612.146256
-1.078571	-0.008000	634.822011
-1.078571	-0.004000	673.824297
-1.078571	-0.000000	707.677347
-1.078571	0.004000	715.840612
-1.078571	0.008000	740.330408
-1.078571	0.012000	781.146735
-1.078571	0.016000	823.785709
-1.078571	0.020000	833.763015
-1.078571	0.024000	860.066852
-1.078571	0.028000	902.697219
-1.078571	0.032000	951.788905
-1.078571	0.036000	963.580292
-1.078571	0.040000	991.698211
-1.078571	0.044000	1036.142660
-1.078571	0.048000	1074.566648
-1.078571	0.052000	1088.172076
-1.078571	0.056000	1118.104035
-1.078571	0.060000	1147.569313
-1.078571	0.064000	1146.662293
-1.078571	0.068000	1162.081803
-1.030000	-0.068000	717.361681
-1.030000	-0.064000	701.942171
-1.030000	-0.060000	702.849192
-1.030000	-0.056000	711.544998
-1.030000	-0.052000	681.613039
-1.030000	-0.048000	668.007610
-1.030000	-0.044000	670.728712
-1.030000	-0.040000	664.591590
-1.030000	-0.036000	636.473672
-1.030000	-0.032000	624.682284
-1.030000	-0.028000	629.217427
-1.030000	-0.024000	650.079100
-1.030000	-0.020000	627.626979
-1.030000	-0.016000	617.649673
-1.030000	-0.012000	623.998897
-1.030000	-0.008000	646.674652
-1.030000	-0.004000	674.632357
-1.030000	-0.000000	666.469091
-1.030000	0.004000	674.632357
-1.030000	0.008000	699.122153
-1.030000	0.012000	739.938479
-1.030000	0.016000	783.501407
-1.030000	0.020000	793.478713
-1.030000	0.024000	819.782549
-1.030000	0.028000	862.412917
-1.030000	0.032000	921.369815
-1.030000	0.036000	970.944685
-1.030000	0.040000	999.062603
-1.030000	0.044000	1043.507052
-1.030000	0.048000	1091.800277
-1.030000	0.052000	1105.405706
-1.030000	0.056000	1135.337665
-1.030000	0.060000	1164.802943
-1.030000	0.064000	1163.895922
-1.030000	0.068000	1179.315432
-0.981429	-0.068000	691.675160
-0.981429	-0.064000	676.255649
-0.981429	-0.060000	677.162670
-0.981429	-0.056000	681.613049
-0.981429	-0.052000	651.681090
-0.981429	-0.048000	638.075661
-0.981429	-0.044000	640.796763
-0.981429	-0.040000	634.659641
-0.981429	-0.036000	606.541723
-0.981429	-0.032000	594.750335
-0.981429	-0.028000	599.285478
-0.981429	-0.024000	620.147152
-0.981429	-0.020000	597.695030
-0.981429	-0.016000	587.717724
-0.981429	-0.012000	594.066948
-0.981429	-0.008000	616.742703
-0.981429	-0.004000	644.700408
-0.981429	-0.000000	636.537143
-0.981429	0.004000	644.700408
-0.981429	0.008000	669.190204
-0.981429	0.012000	710.006530
-0.981429	0.016000	753.569458
-0.981429	0.020000	763.546764
-0.981429	0.024000	789.850601
-0.981429	0.028000	832.480968
-0.981429	0.032000	891.437866
-0.981429	0.036000	941.012736
-0.981429	0.040000	969.130655
-0.981429	0.044000	1013.575104
-0.981429	0.048000	1074.346083
-0.981429	0.052000	1130.104009
-0.981429	0.056000	1160.035968
-0.981429	0.060000	1198.363158
-0.981429	0.064000	1197.456138
-0.981429	0.068000	1212.875648
-0.932857	-0.068000	678.069711
-0.932857	-0.064000	662.650201
-0.932857	-0.060000	663.557221
-0.932857	-0.056000	668.007600
-0.932857	-0.052000	638.075641
-0.932857	-0.048000	624.470213
-0.932857	-0.044000	627.191315
-0.932857	-0.040000	621.054193
-0.932857	-0.036000	592.936275
-0.932857	-0.032000	581.144887
-0.932857	-0.028000	585.680030
-0.932857	-0.024000	606.541703
-0.932857	-0.020000	584.089581
-0.932857	-0.016000	574.112275
-0.932857	-0.012000	580.461500
-0.932857	-0.008000	603.137255
-0.932857	-0.004000	630.782148
-0.932857	-0.000000	622.618883
-0.932857	0.004000	630.782148
-0.932857	0.008000	655.271944
-0.932857	0.012000	696.088270
-0.932857	0.016000	739.964009
-0.932857	0.020000	749.941315
-0.932857	0.024000	776.245152
-0.932857	0.028000	818.875519
-0.932857	0.032000	877.832417
-0.932857	0.036000	927.407288
-0.932857	0.040000	955.525206
-0.932857	0.044000	999.969655
-0.932857	0.048000	1060.740635
-0.932857	0.052000	1116.498560
-0.932857	0.056000	1146.430519
-0.932857	0.060000	1192.689009
-0.932857	0.064000	1206.209425
-0.932857	0.068000	1221.628935
-0.884286	-0.068000	680.790819
-0.884286	-0.064000	665.371309
-0.884286	-0.060000	666.278329
-0.884286	-0.056000	670.728708
-0.884286	-0.052000	640.796749
-0.884286	-0.048000	627.191320
-0.884286	-0.044000	629.912422
-0.884286	-0.040000	607.391724
-0.884286	-0.036000	579.273805
-0.884286	-0.032000	567.482418
-0.884286	-0.028000	572.017560
-0.884286	-0.024000	558.906228
-0.884286	-0.020000	532.602392
-0.884286	-0.016000	522.625085
-0.884286	-0.012000	528.974310
-0.884286	-0.008000	551.650065
-0.884286	-0.004000	570.011226
-0.884286	-0.000000	561.847960
-0.884286	0.004000	570.011226
-0.884286	0.008000	594.501022
-0.884286	0.012000	635.317348
-0.884286	0.016000	692.460205
-0.884286	0.020000	719.196257
-0.884286	0.024000	745.500093
-0.884286	0.028000	788.130461
-0.884286	0.032000	847.087359
-0.884286	0.036000	922.370787
-0.884286	0.040000	958.246314
-0.884286	0.044000	1002.690763
-0.884286	0.048000	1063.461742
-0.884286	0.052000	1119.219668
-0.884286	0.056000	1149.151627
-0.884286	0.060000	1195.410117
-0.884286	0.064000	1208.930532
-0.884286	0.068000	1224.350042
-0.835714	-0.068000	690.360500
-0.835714	-0.064000	674.940990
-0.835714	-0.060000	675.848010
-0.835714	-0.056000	642.251565
-0.835714	-0.052000	612.319605
-0.835714	-0.048000	598.714177
-0.835714	-0.044000	601.435279
-0.835714	-0.040000	562.947313
-0.835714	-0.036000	534.829395
-0.835714	-0.032000	523.038007
-0.835714	-0.028000	527.573150
-0.835714	-0.024000	514.461817
-0.835714	-0.020000	488.157981
-0.835714	-0.016000	478.180675
-0.835714	-0.012000	484.529899
-0.835714	-0.008000	507.205654
-0.835714	-0.004000	525.566815
-0.835714	-0.000000	517.403549
-0.835714	0.004000	525.566815
-0.835714	0.008000	550.056611
-0.835714	0.012000	590.872937
-0.835714	0.016000	648.015794
-0.835714	0.020000	674.751846
-0.835714	0.024000	701.055682
-0.835714	0.028000	743.686050
-0.835714	0.032000	802.642948
-0.835714	0.036000	877.926376
-0.835714	0.040000	943.912925
-0.835714	0.044000	988.357374
-0.835714	0.048000	1049.128354
-0.835714	0.052000	1126.225864
-0.835714	0.056000	1168.199246
-0.835714	0.060000	1214.457736
-0.835714	0.064000	1227.978151
-0.835714	0.068000	1243.397661
-0.787143	-0.068000	662.242601
-0.787143	-0.064000	646.823091
-0.787143	-0.060000	647.730111
-0.787143	-0.056000	614.133665
-0.787143	-0.052000	584.201706
-0.787143	-0.048000	570.596277
-0.787143	-0.044000	573.317379
-0.787143	-0.040000	534.829413
-0.787143	-0.036000	506.711495
-0.787143	-0.032000	494.920107
-0.787143	-0.028000	499.455250
-0.787143	-0.024000	486.343918
-0.787143	-0.020000	460.040081
-0.787143	-0.016000	450.062775
-0.787143	-0.012000	456.412000
-0.787143	-0.008000	479.087755
-0.787143	-0.004000	477.447448
-0.787143	-0.000000	469.284183
-0.787143	0.004000	477.447448
-0.787143	0.008000	501.937244
-0.787143	0.012000	542.753570
-0.787143	0.016000	599.896427
-0.787143	0.020000	646.633946
-0.787143	0.024000	672.937783
-0.787143	0.028000	715.568150
-0.787143	0.032000	774.525048
-0.787143	0.036000	849.808477
-0.787143	0.040000	915.795026
-0.787143	0.044000	960.239475
-0.787143	0.048000	1021.010454
-0.787143	0.052000	1098.107964
-0.787143	0.056000	1153.274328
-0.787143	0.060000	1199.532818
-0.787143	0.064000	1262.117838
-0.787143	0.068000	1278.771792
-0.738571	-0.068000	650.451205
-0.738571	-0.064000	635.031695
-0.738571	-0.060000	635.938716
-0.738571	-0.056000	602.342270
-0.738571	-0.052000	572.410310
-0.738571	-0.048000	558.804882
-0.738571	-0.044000	561.525984
-0.738571	-0.040000	523.038018
-0.738571	-0.036000	494.920100
-0.738571	-0.032000	483.128712
-0.738571	-0.028000	487.663855
-0.738571	-0.024000	474.552523
-0.738571	-0.020000	448.248686
-0.738571	-0.016000	438.271380
-0.738571	-0.012000	444.620604
-0.738571	-0.008000	426.653688
-0.738571	-0.004000	402.163892
-0.738571	-0.000000	394.000626
-0.738571	0.004000	402.163892
-0.738571	0.008000	426.653688
-0.738571	0.012000	467.470014
-0.738571	0.016000	524.612871
-0.738571	0.020000	598.082259
-0.738571	0.024000	641.930384
-0.738571	0.028000	684.560752
-0.738571	0.032000	743.517650
-0.738571	0.036000	818.801078
-0.738571	0.040000	904.003630
-0.738571	0.044000	948.448079
-0.738571	0.048000	1009.219059
-0.738571	0.052000	1086.316569
-0.738571	0.056000	1141.482932
-0.738571	0.060000	1187.741422
-0.738571	0.064000	1250.326443
-0.738571	0.068000	1290.430695
-0.690000	-0.068000	654.986362
-0.690000	-0.064000	639.566852
-0.690000	-0.060000	640.473873
-0.690000	-0.056000	606.877427
-0.690000	-0.052000	576.945467
-0.690000	-0.048000	563.340039
-0.690000	-0.044000	566.061141
-0.690000	-0.040000	527.573175
-0.690000	-0.036000	499.455257
-0.690000	-0.032000	487.663869
-0.690000	-0.028000	492.199012
-0.690000	-0.024000	464.013002
-0.690000	-0.020000	437.709166
-0.690000	-0.016000	427.731860
-0.690000	-0.012000	408.513141
-0.690000	-0.008000	367.696815
-0.690000	-0.004000	343.207019
-0.690000	-0.000000	335.043754
-0.690000	0.004000	343.207019
-0.690000	0.008000	367.696815
-0.690000	0.012000	408.513141
-0.690000	0.016000	465.655998
-0.690000	0.020000	539.125386
-0.690000	0.024000	582.973512
-0.690000	0.028000	625.603879
-0.690000	0.032000	684.560777
-0.690000	0.036000	759.844205
-0.690000	0.040000	851.454165
-0.690000	0.044000	952.983236
-0.690000	0.048000	1013.754216
-0.690000	0.052000	1090.851726
-0.690000	0.056000	1146.018089
-0.690000	0.060000	1192.276579
-0.690000	0.064000	1254.861600
-0.690000	0.068000	1294.965852
-0.641429	-0.068000	664.521338
-0.641429	-0.064000	649.101828
-0.641429	-0.060000	650.008848
-0.641429	-0.056000	624.599195
-0.641429	-0.052000	594.667236
-0.641429	-0.048000	581.061807
-0.641429	-0.044000	577.059005
-0.641429	-0.040000	532.614556
-0.641429	-0.036000	504.496638
-0.641429	-0.032000	492.705250
-0.641429	-0.028000	464.013008
-0.641429	-0.024000	421.382641
-0.641429	-0.020000	395.078804
-0.641429	-0.016000	385.101498
-0.641429	-0.012000	365.882780
-0.641429	-0.008000	325.066453
-0.641429	-0.004000	300.576657
-0.641429	-0.000000	292.413392
-0.641429	0.004000	300.576657
-0.641429	0.008000	325.066453
-0.641429	0.012000	365.882780
-0.641429	0.016000	423.025637
-0.641429	0.020000	496.495025
-0.641429	0.024000	540.343150
-0.641429	0.028000	582.973517
-0.641429	0.032000	641.930415
-0.641429	0.036000	717.213844
-0.641429	0.040000	808.823803
-0.641429	0.044000	916.760293
-0.641429	0.048000	1025.762035
-0.641429	0.052000	1102.859545
-0.641429	0.056000	1166.879758
-0.641429	0.060000	1213.138248
-0.641429	0.064000	1275.723268
-0.641429	0.068000	1315.827520
-0.592857	-0.068000	638.217451
-0.592857	-0.064000	622.797941
-0.592857	-0.060000	623.704961
-0.592857	-0.056000	598.295307
-0.592857	-0.052000	568.363348
-0.592857	-0.048000	554.757920
-0.592857	-0.044000	550.755118
-0.592857	-0.040000	506.310669
-0.592857	-0.036000	478.192750
-0.592857	-0.032000	466.401363
-0.592857	-0.028000	437.709121
-0.592857	-0.024000	395.078754
-0.592857	-0.020000	368.774917
-0.592857	-0.016000	358.797611
-0.592857	-0.012000	339.578892
-0.592857	-0.008000	298.762566
-0.592857	-0.004000	274.272770
-0.592857	-0.000000	266.109505
-0.592857	0.004000	274.272770
-0.592857	0.008000	298.762566
-0.592857	0.012000	339.578892
-0.592857	0.016000	396.721750
-0.592857	0.020000	470.191137
-0.592857	0.024000	514.039263
-0.592857	0.028000	556.669630
-0.592857	0.032000	615.626528
-0.592857	0.036000	690.909957
-0.592857	0.040000	782.519916
-0.592857	0.044000	890.456406
-0.592857	0.048000	999.458148
-0.592857	0.052000	1076.555658
-0.592857	0.056000	1169.979699
-0.592857	0.060000	1250.326521
-0.592857	0.064000	1312.911541
-0.592857	0.068000	1353.015794
-0.544286	-0.068000	628.240146
-0.544286	-0.064000	612.820635
-0.544286	-0.060000	613.727656
-0.544286	-0.056000	588.318002
-0.544286	-0.052000	558.386043
-0.544286	-0.048000	544.780615
-0.544286	-0.044000	540.777813
-0.544286	-0.040000	496.333364
-0.544286	-0.036000	468.215445
-0.544286	-0.032000	456.424058
-0.544286	-0.028000	427.731816
-0.544286	-0.024000	385.101448
-0.544286	-0.020000	358.797612
-0.544286	-0.016000	348.820306
-0.544286	-0.012000	329.601587
-0.544286	-0.008000	288.785261
-0.544286	-0.004000	264.295465
-0.544286	-0.000000	256.132200
-0.544286	0.004000	264.295465
-0.544286	0.008000	288.785261
-0.544286	0.012000	329.601587
-0.544286	0.016000	386.744444
-0.544286	0.020000	460.213832
-0.544286	0.024000	504.061958
-0.544286	0.028000	546.692325
-0.544286	0.032000	605.649223
-0.544286	0.036000	680.932652
-0.544286	0.040000	772.542611
-0.544286	0.044000	880.479100
-0.544286	0.048000	989.480843
-0.544286	0.052000	1066.578353
-0.544286	0.056000	1160.002394
-0.544286	0.060000	1240.958865
-0.544286	0.064000	1303.543886
-0.544286	0.068000	1368.714767
-0.495714	-0.068000	634.589352
-0.495714	-0.064000	619.169842
-0.495714	-0.060000	620.076862
-0.495714	-0.056000	594.667209
-0.495714	-0.052000	564.735249
-0.495714	-0.048000	551.129821
-0.495714	-0.044000	547.127019
-0.495714	-0.040000	502.682570
-0.495714	-0.036000	474.564652
-0.495714	-0.032000	462.773264
-0.495714	-0.028000	434.081022
-0.495714	-0.024000	391.450655
-0.495714	-0.020000	365.146818
-0.495714	-0.016000	355.169512
-0.495714	-0.012000	335.950794
-0.495714	-0.008000	295.134467
-0.495714	-0.004000	270.644671
-0.495714	-0.000000	262.481406
-0.495714	0.004000	270.644671
-0.495714	0.008000	295.134467
-0.495714	0.012000	335.950794
-0.495714	0.016000	393.093651
-0.495714	0.020000	466.563039
-0.495714	0.024000	510.411164
-0.495714	0.028000	553.041531
-0.495714	0.032000	611.998429
-0.495714	0.036000	687.281858
-0.495714	0.040000	778.891817
-0.495714	0.044000	886.828307
-0.495714	0.048000	995.830049
-0.495714	0.052000	1072.927559
-0.495714	0.056000	1166.351600
-0.495714	0.060000	1247.308072
-0.495714	0.064000	1309.893092
-0.495714	0.068000	1375.063973
-0.447143	-0.068000	650.024599
-0.447143	-0.064000	634.605088
-0.447143	-0.060000	635.512109
-0.447143	-0.056000	617.342926
-0.447143	-0.052000	587.410967
-0.447143	-0.048000	573.805539
-0.447143	-0.044000	569.802737
-0.447143	-0.040000	525.358288
-0.447143	-0.036000	497.240369
-0.447143	-0.032000	485.448982
-0.447143	-0.028000	456.756740
-0.447143	-0.024000	414.126373
-0.447143	-0.020000	387.822536
-0.447143	-0.016000	377.845230
-0.447143	-0.012000	358.626511
-0.447143	-0.008000	317.810185
-0.447143	-0.004000	293.320389
-0.447143	-0.000000	285.157124
-0.447143	0.004000	293.320389
-0.447143	0.008000	317.810185
-0.447143	0.012000	358.626511
-0.447143	0.016000	415.769369
-0.447143	0.020000	489.238756
-0.447143	0.024000	533.086882
-0.447143	0.028000	575.717249
-0.447143	0.032000	634.674147
-0.447143	0.036000	709.957576
-0.447143	0.040000	801.567535
-0.447143	0.044000	909.504025
-0.447143	0.048000	1018.505767
-0.447143	0.052000	1095.603277
-0.447143	0.056000	1189.027318
-0.447143	0.060000	1269.983790
-0.447143	0.064000	1332.568810
-0.447143	0.068000	1397.739691
-0.398571	-0.068000	625.534764
-0.398571	-0.064000	610.115254
-0.398571	-0.060000	611.022274
-0.398571	-0.056000	600.239711
-0.398571	-0.052000	570.307752
-0.398571	-0.048000	556.702324
-0.398571	-0.044000	559.423426
-0.398571	-0.040000	543.760799
-0.398571	-0.036000	515.642881
-0.398571	-0.032000	503.851493
-0.398571	-0.028000	495.759066
-0.398571	-0.024000	453.128699
-0.398571	-0.020000	426.824862
-0.398571	-0.016000	416.847556
-0.398571	-0.012000	397.628838
-0.398571	-0.008000	356.812511
-0.398571	-0.004000	332.322715
-0.398571	-0.000000	324.159450
-0.398571	0.004000	332.322715
-0.398571	0.008000	356.812511
-0.398571	0.012000	397.628838
-0.398571	0.016000	454.771695
-0.398571	0.020000	528.241083
-0.398571	0.024000	572.089208
-0.398571	0.028000	614.719575
-0.398571	0.032000	673.676473
-0.398571	0.036000	748.959902
-0.398571	0.040000	840.569861
-0.398571	0.044000	948.506351
-0.398571	0.048000	1057.508093
-0.398571	0.052000	1134.605603
-0.398571	0.056000	1228.029644
-0.398571	0.060000	1308.986116
-0.398571	0.064000	1371.571136
-0.398571	0.068000	1436.742017
-0.350000	-0.068000	617.371509
-0.350000	-0.064000	601.951998
-0.350000	-0.060000	602.859019
-0.350000	-0.056000	592.076456
-0.350000	-0.052000	562.144496
-0.350000	-0.048000	548.539068
-0.350000	-0.044000	551.260170
-0.350000	-0.040000	535.597544
-0.350000	-0.036000	507.479625
-0.350000	-0.032000	495.688238
-0.350000	-0.028000	500.223380
-0.350000	-0.024000	461.464635
-0.350000	-0.020000	435.160798
-0.350000	-0.016000	425.183492
-0.350000	-0.012000	431.532717
-0.350000	-0.008000	399.000389
-0.350000	-0.004000	374.510593
-0.350000	-0.000000	366.347328
-0.350000	0.004000	374.510593
-0.350000	0.008000	399.000389
-0.350000	0.012000	439.816715
-0.350000	0.016000	496.959572
-0.350000	0.020000	560.327762
-0.350000	0.024000	586.631598
-0.350000	0.028000	629.261966
-0.350000	0.032000	688.218864
-0.350000	0.036000	763.502292
-0.350000	0.040000	855.112252
-0.350000	0.044000	963.048741
-0.350000	0.048000	1087.311762
-0.350000	0.052000	1189.934377
-0.350000	0.056000	1283.358418
-0.350000	0.060000	1364.314890
-0.350000	0.064000	1426.899910
-0.350000	0.068000	1492.070792
-0.301429	-0.068000	625.534764
-0.301429	-0.064000	610.115254
-0.301429	-0.060000	611.022274
-0.301429	-0.056000	600.239711
-0.301429	-0.052000	570.307752
-0.301429	-0.048000	556.702324
-0.301429	-0.044000	559.423426
-0.301429	-0.040000	543.760799
-0.301429	-0.036000	515.642881
-0.301429	-0.032000	503.851493
-0.301429	-0.028000	508.386636
-0.301429	-0.024000	469.627891
-0.301429	-0.020000	443.324054
-0.301429	-0.016000	433.346748
-0.301429	-0.012000	439.695973
-0.301429	-0.008000	407.163644
-0.301429	-0.004000	382.673849
-0.301429	-0.000000	374.510583
-0.301429	0.004000	382.673849
-0.301429	0.008000	407.163644
-0.301429	0.012000	447.979971
-0.301429	0.016000	505.122828
-0.301429	0.020000	568.491017
-0.301429	0.024000	594.794854
-0.301429	0.028000	637.425221
-0.301429	0.032000	696.382119
-0.301429	0.036000	771.665548
-0.301429	0.040000	863.275507
-0.301429	0.044000	971.211997
-0.301429	0.048000	1095.475017
-0.301429	0.052000	1200.645429
-0.301429	0.056000	1294.069470
-0.301429	0.060000	1384.436537
-0.301429	0.064000	1447.021558
-0.301429	0.068000	1518.706200
-0.252857	-0.068000	641.163623
-0.252857	-0.064000	625.744113
-0.252857	-0.060000	626.651133
-0.252857	-0.056000	624.729546
-0.252857	-0.052000	594.797586
-0.252857	-0.048000	581.192158
-0.252857	-0.044000	583.913260
-0.252857	-0.040000	568.250634
-0.252857	-0.036000	540.132715
-0.252857	-0.032000	528.341328
-0.252857	-0.028000	532.876470
-0.252857	-0.024000	494.117725
-0.252857	-0.020000	467.813889
-0.252857	-0.016000	457.836582
-0.252857	-0.012000	464.185807
-0.252857	-0.008000	431.653479
-0.252857	-0.004000	407.163683
-0.252857	-0.000000	399.000418
-0.252857	0.004000	407.163683
-0.252857	0.008000	431.653479
-0.252857	0.012000	472.469805
-0.252857	0.016000	529.612662
-0.252857	0.020000	592.980852
-0.252857	0.024000	619.284688
-0.252857	0.028000	661.915056
-0.252857	0.032000	720.871954
-0.252857	0.036000	796.155382
-0.252857	0.040000	887.765342
-0.252857	0.044000	995.701831
-0.252857	0.048000	1119.964852
-0.252857	0.052000	1225.135263
-0.252857	0.056000	1318.559304
-0.252857	0.060000	1408.926372
-0.252857	0.064000	1471.511392
-0.252857	0.068000	1543.196034
-0.204286	-0.068000	618.487905
-0.204286	-0.064000	603.068395
-0.204286	-0.060000	603.975415
-0.204286	-0.056000	621.208966
-0.204286	-0.052000	603.191574
-0.204286	-0.048000	589.586145
-0.204286	-0.044000	592.307248
-0.204286	-0.040000	569.889986
-0.204286	-0.036000	541.772068
-0.204286	-0.032000	529.980680
-0.204286	-0.028000	534.515823
-0.204286	-0.024000	514.103525
-0.204286	-0.020000	487.799688
-0.204286	-0.016000	477.822382
-0.204286	-0.012000	484.171607
-0.204286	-0.008000	472.469791
-0.204286	-0.004000	447.979995
-0.204286	-0.000000	439.816730
-0.204286	0.004000	447.979995
-0.204286	0.008000	472.469791
-0.204286	0.012000	513.286117
-0.204286	0.016000	570.428975
-0.204286	0.020000	633.797164
-0.204286	0.024000	660.101001
-0.204286	0.028000	702.731368
-0.204286	0.032000	761.688266
-0.204286	0.036000	836.971694
-0.204286	0.040000	928.581654
-0.204286	0.044000	1036.518143
-0.204286	0.048000	1160.781164
-0.204286	0.052000	1265.951575
-0.204286	0.056000	1359.375616
-0.204286	0.060000	1449.742684
-0.204286	0.064000	1512.327704
-0.204286	0.068000	1584.012347
-0.155714	-0.068000	612.138699
-0.155714	-0.064000	596.719189
-0.155714	-0.060000	597.626209
-0.155714	-0.056000	614.859760
-0.155714	-0.052000	596.842368
-0.155714	-0.048000	583.236939
-0.155714	-0.044000	585.958041
-0.155714	-0.040000	563.540780
-0.155714	-0.036000	535.422861
-0.155714	-0.032000	523.631474
-0.155714	-0.028000	528.166616
-0.155714	-0.024000	507.754319
-0.155714	-0.020000	481.450482
-0.155714	-0.016000	471.473176
-0.155714	-0.012000	477.822400
-0.155714	-0.008000	500.498155
-0.155714	-0.004000	505.122819
-0.155714	-0.000000	496.959553
-0.155714	0.004000	505.122819
-0.155714	0.008000	529.612614
-0.155714	0.012000	570.428941
-0.155714	0.016000	627.571798
-0.155714	0.020000	690.939987
-0.155714	0.024000	717.243824
-0.155714	0.028000	759.874191
-0.155714	0.032000	818.831089
-0.155714	0.036000	894.114518
-0.155714	0.040000	985.724477
-0.155714	0.044000	1093.660967
-0.155714	0.048000	1217.923987
-0.155714	0.052000	1323.094399
-0.155714	0.056000	1416.518440
-0.155714	0.060000	1506.885507
-0.155714	0.064000	1569.470528
-0.155714	0.068000	1641.155170
-0.107143	-0.068000	622.116004
-0.107143	-0.064000	606.696494
-0.107143	-0.060000	607.603514
-0.107143	-0.056000	624.837065
-0.107143	-0.052000	606.819673
-0.107143	-0.048000	593.214244
-0.107143	-0.044000	595.935346
-0.107143	-0.040000	573.518085
-0.107143	-0.036000	545.400166
-0.107143	-0.032000	533.608779
-0.107143	-0.028000	538.143921
-0.107143	-0.024000	517.731624
-0.107143	-0.020000	491.427787
-0.107143	-0.016000	481.450481
-0.107143	-0.012000	487.799705
-0.107143	-0.008000	510.475461
-0.107143	-0.004000	549.477746
-0.107143	-0.000000	570.428888
-0.107143	0.004000	578.592153
-0.107143	0.008000	603.081949
-0.107143	0.012000	643.898276
-0.107143	0.016000	701.041133
-0.107143	0.020000	764.409322
-0.107143	0.024000	790.713159
-0.107143	0.028000	833.343526
-0.107143	0.032000	892.300424
-0.107143	0.036000	967.583853
-0.107143	0.040000	1059.193812
-0.107143	0.044000	1167.130302
-0.107143	0.048000	1291.393322
-0.107143	0.052000	1396.563734
-0.107143	0.056000	1489.987775
-0.107143	0.060000	1580.354842
-0.107143	0.064000	1642.939863
-0.107143	0.068000	1714.624505
-0.058571	-0.068000	638.012996
-0.058571	-0.064000	622.593486
-0.058571	-0.060000	623.500506
-0.058571	-0.056000	640.734057
-0.058571	-0.052000	633.123539
-0.058571	-0.048000	619.518110
-0.058571	-0.044000	622.239212
-0.058571	-0.040000	599.821951
-0.058571	-0.036000	571.704032
-0.058571	-0.032000	559.912645
-0.058571	-0.028000	564.447788
-0.058571	-0.024000	544.035490
-0.058571	-0.020000	517.731653
-0.058571	-0.016000	507.754347
-0.058571	-0.012000	514.103572
-0.058571	-0.008000	536.779327
-0.058571	-0.004000	575.781612
-0.058571	-0.000000	631.110429
-0.058571	0.004000	668.388141
-0.058571	0.008000	692.877937
-0.058571	0.012000	733.694263
-0.058571	0.016000	790.837121
-0.058571	0.020000	854.205310
-0.058571	0.024000	880.509147
-0.058571	0.028000	923.139514
-0.058571	0.032000	982.096412
-0.058571	0.036000	1057.379840
-0.058571	0.040000	1148.989800
-0.058571	0.044000	1256.926289
-0.058571	0.048000	1381.189310
-0.058571	0.052000	1486.359721
-0.058571	0.056000	1579.783762
-0.058571	0.060000	1670.150830
-0.058571	0.064000	1732.735850
-0.058571	0.068000	1804.420492
-0.010000	-0.068000	617.151316
-0.010000	-0.064000	601.731806
-0.010000	-0.060000	602.638827
-0.010000	-0.056000	619.872378
-0.010000	-0.052000	615.932159
-0.010000	-0.048000	602.326730
-0.010000	-0.044000	605.047832
-0.010000	-0.040000	600.139128
-0.010000	-0.036000	572.021210
-0.010000	-0.032000	560.229822
-0.010000	-0.028000	564.764965
-0.010000	-0.024000	585.626638
-0.010000	-0.020000	560.362036
-0.010000	-0.016000	550.384730
-0.010000	-0.012000	556.733954
-0.010000	-0.008000	579.409709
-0.010000	-0.004000	618.411995
-0.010000	-0.000000	673.740811
-0.010000	0.004000	745.396158
-0.010000	0.008000	799.000389
-0.010000	0.012000	839.816715
-0.010000	0.016000	896.959572
-0.010000	0.020000	960.327762
-0.010000	0.024000	986.631598
-0.010000	0.028000	1029.261966
-0.010000	0.032000	1088.218864
-0.010000	0.036000	1163.502292
-0.010000	0.040000	1255.112252
-0.010000	0.044000	1363.048741
-0.010000	0.048000	1487.311762
-0.010000	0.052000	1592.482173
-0.010000	0.056000	1670.122842
-0.010000	0.060000	1716.381332
-0.010000	0.064000	1778.966352
-0.010000	0.068000	1853.227392
0.038571	-0.068000	612.616168
0.038571	-0.064000	597.196658
0.038571	-0.060000	598.103679
0.038571	-0.056000	615.337230
0.038571	-0.052000	611.397011
0.038571	-0.048000	597.791582
0.038571	-0.044000	600.512684
0.038571	-0.040000	595.603980
0.038571	-0.036000	567.486062
0.038571	-0.032000	555.694674
0.038571	-0.028000	560.229817
0.038571	-0.024000	581.091490
0.038571	-0.020000	618.279694
0.038571	-0.016000	609.341644
0.038571	-0.012000	615.690869
0.038571	-0.008000	638.366624
0.038571	-0.004000	677.368909
0.038571	-0.000000	732.697726
0.038571	0.004000	804.353073
0.038571	0.008000	892.334950
0.038571	0.012000	962.265699
0.038571	0.016000	1019.408556
0.038571	0.020000	1082.776745
0.038571	0.024000	1109.080582
0.038571	0.028000	1151.710949
0.038571	0.032000	1210.667847
0.038571	0.036000	1285.951276
0.038571	0.040000	1377.561235
0.038571	0.044000	1485.497725
0.038571	0.048000	1574.440588
0.038571	0.052000	1651.538099
0.038571	0.056000	1729.079756
0.038571	0.060000	1775.338246
0.038571	0.064000	1837.923266
0.038571	0.068000	1912.184306
0.087143	-0.068000	624.407552
0.087143	-0.064000	608.988042
0.087143	-0.060000	609.895062
0.087143	-0.056000	627.128613
0.087143	-0.052000	623.188394
0.087143	-0.048000	609.582966
0.087143	-0.044000	612.304068
0.087143	-0.040000	607.395364
0.087143	-0.036000	579.277445
0.087143	-0.032000	567.486058
0.087143	-0.028000	572.021200
0.087143	-0.024000	592.882874
0.087143	-0.020000	630.071078
0.087143	-0.016000	683.585813
0.087143	-0.012000	690.974315
0.087143	-0.008000	713.650070
0.087143	-0.004000	752.652355
0.087143	-0.000000	807.981172
0.087143	0.004000	879.636519
0.087143	0.008000	967.618396
0.087143	0.012000	1071.926804
0.087143	0.016000	1137.908973
0.087143	0.020000	1208.079771
0.087143	0.024000	1234.383608
0.087143	0.028000	1277.013975
0.087143	0.032000	1335.970873
0.087143	0.036000	1411.254302
0.087143	0.040000	1502.864261
0.087143	0.044000	1588.953055
0.087143	0.048000	1649.724034
0.087143	0.052000	1726.821545
0.087143	0.056000	1804.363202
0.087143	0.060000	1850.621692
0.087143	0.064000	1913.206712
0.087143	0.068000	1987.467752
0.135714	-0.068000	638.390750
0.135714	-0.064000	622.971240
0.135714	-0.060000	623.878260
0.135714	-0.056000	641.111812
0.135714	-0.052000	644.155753
0.135714	-0.048000	630.550324
0.135714	-0.044000	633.271426
0.135714	-0.040000	635.513286
0.135714	-0.036000	607.395368
0.135714	-0.032000	595.603980
0.135714	-0.028000	600.139123
0.135714	-0.024000	621.000797
0.135714	-0.020000	658.189001
0.135714	-0.016000	711.703735
0.135714	-0.012000	781.545001
0.135714	-0.008000	805.260068
0.135714	-0.004000	844.262353
0.135714	-0.000000	899.591170
0.135714	0.004000	971.246517
0.135714	0.008000	1059.228394
0.135714	0.012000	1163.536802
0.135714	0.016000	1229.518971
0.135714	0.020000	1299.689769
0.135714	0.024000	1325.993606
0.135714	0.028000	1368.623973
0.135714	0.032000	1427.580871
0.135714	0.036000	1502.864300
0.135714	0.040000	1594.474259
0.135714	0.044000	1680.563053
0.135714	0.048000	1741.334032
0.135714	0.052000	1818.431543
0.135714	0.056000	1895.973200
0.135714	0.060000	1942.231690
0.135714	0.064000	2004.816710
0.135714	0.068000	2079.077750
0.184286	-0.068000	619.343131
0.184286	-0.064000	603.923621
0.184286	-0.060000	604.830641
0.184286	-0.056000	622.064192
0.184286	-0.052000	625.108134
0.184286	-0.048000	611.502705
0.184286	-0.044000	614.223807
0.184286	-0.040000	633.271440
0.184286	-0.036000	651.839786
0.184286	-0.032000	640.048398
0.184286	-0.028000	644.583541
0.184286	-0.024000	665.445214
0.184286	-0.020000	702.633418
0.184286	-0.016000	756.148153
0.184286	-0.012000	825.989418
0.184286	-0.008000	912.157214
0.184286	-0.004000	952.198794
0.184286	-0.000000	1007.527610
0.184286	0.004000	1079.182957
0.184286	0.008000	1167.164835
0.184286	0.012000	1271.473243
0.184286	0.016000	1337.455411
0.184286	0.020000	1407.626210
0.184286	0.024000	1433.930047
0.184286	0.028000	1476.560414
0.184286	0.032000	1535.517312
0.184286	0.036000	1610.800740
0.184286	0.040000	1702.410700
0.184286	0.044000	1788.499494
0.184286	0.048000	1849.270473
0.184286	0.052000	1926.367983
0.184286	0.056000	2000.471448
0.184286	0.060000	2046.729938
0.184286	0.064000	2109.314958
0.184286	0.068000	2177.020619
0.232857	-0.068000	616.622024
0.232857	-0.064000	601.202513
0.232857	-0.060000	602.109534
0.232857	-0.056000	619.343085
0.232857	-0.052000	622.387026
0.232857	-0.048000	608.781598
0.232857	-0.044000	611.502700
0.232857	-0.040000	630.550332
0.232857	-0.036000	665.924496
0.232857	-0.032000	700.819327
0.232857	-0.028000	705.354470
0.232857	-0.024000	726.216143
0.232857	-0.020000	763.404347
0.232857	-0.016000	816.919082
0.232857	-0.012000	886.760347
0.232857	-0.008000	972.928143
0.232857	-0.004000	1075.422470
0.232857	-0.000000	1131.790563
0.232857	0.004000	1203.445910
0.232857	0.008000	1291.427787
0.232857	0.012000	1395.736195
0.232857	0.016000	1461.718363
0.232857	0.020000	1531.889162
0.232857	0.024000	1558.192999
0.232857	0.028000	1600.823366
0.232857	0.032000	1659.780264
0.232857	0.036000	1735.063693
0.232857	0.040000	1826.673652
0.232857	0.044000	1904.787855
0.232857	0.048000	1965.558835
0.232857	0.052000	2031.310418
0.232857	0.056000	2061.242377
0.232857	0.060000	2107.500867
0.232857	0.064000	2170.085887
0.232857	0.068000	2237.791548
0.281429	-0.068000	630.227472
0.281429	-0.064000	614.807962
0.281429	-0.060000	615.714982
0.281429	-0.056000	632.948533
0.281429	-0.052000	635.992475
0.281429	-0.048000	622.387046
0.281429	-0.044000	625.108148
0.281429	-0.040000	644.155781
0.281429	-0.036000	679.529944
0.281429	-0.032000	731.230638
0.281429	-0.028000	782.452085
0.281429	-0.024000	803.313759
0.281429	-0.020000	840.501963
0.281429	-0.016000	894.016698
0.281429	-0.012000	963.857963
0.281429	-0.008000	1050.025759
0.281429	-0.004000	1152.520085
0.281429	-0.000000	1271.340943
0.281429	0.004000	1344.035679
0.281429	0.008000	1432.017557
0.281429	0.012000	1536.325965
0.281429	0.016000	1602.308133
0.281429	0.020000	1672.478932
0.281429	0.024000	1698.782768
0.281429	0.028000	1741.413136
0.281429	0.032000	1800.370034
0.281429	0.036000	1875.653462
0.281429	0.040000	1937.441022
0.281429	0.044000	1981.885471
0.281429	0.048000	2042.656450
0.281429	0.052000	2108.408034
0.281429	0.056000	2138.339993
0.281429	0.060000	2184.598483
0.281429	0.064000	2247.183503
0.281429	0.068000	2314.889164
0.330000	-0.068000	643.068651
0.330000	-0.064000	627.649141
0.330000	-0.060000	628.556162
0.330000	-0.056000	645.789713
0.330000	-0.052000	647.131395
0.330000	-0.048000	633.525966
0.330000	-0.044000	636.247068
0.330000	-0.040000	655.294701
0.330000	-0.036000	690.668864
0.330000	-0.032000	742.369558
0.330000	-0.028000	810.396783
0.330000	-0.024000	894.750538
0.330000	-0.020000	933.925948
0.330000	-0.016000	987.440683
0.330000	-0.012000	1057.281948
0.330000	-0.008000	1143.449744
0.330000	-0.004000	1245.944071
0.330000	-0.000000	1364.764928
0.330000	0.004000	1499.912316
0.330000	0.008000	1588.933565
0.330000	0.012000	1693.241974
0.330000	0.016000	1759.224142
0.330000	0.020000	1829.394940
0.330000	0.024000	1855.698777
0.330000	0.028000	1898.329144
0.330000	0.032000	1957.286042
0.330000	0.036000	2002.747089
0.330000	0.040000	2030.865007
0.330000	0.044000	2075.309456
0.330000	0.048000	2136.080436
0.330000	0.052000	2201.832019
0.330000	0.056000	2231.763978
0.330000	0.060000	2278.022468
0.330000	0.064000	2340.607488
0.330000	0.068000	2408.313150
0.378571	-0.068000	625.835082
0.378571	-0.064000	610.415572
0.378571	-0.060000	611.322592
0.378571	-0.056000	628.556143
0.378571	-0.052000	629.897825
0.378571	-0.048000	616.292396
0.378571	-0.044000	619.013499
0.378571	-0.040000	638.061131
0.378571	-0.036000	673.435294
0.378571	-0.032000	725.135988
0.378571	-0.028000	793.163213
0.378571	-0.024000	877.516968
0.378571	-0.020000	978.197254
0.378571	-0.016000	1095.204070
0.378571	-0.012000	1167.032445
0.378571	-0.008000	1253.200241
0.378571	-0.004000	1355.694568
0.378571	-0.000000	1474.515425
0.378571	0.004000	1609.662813
0.378571	0.008000	1761.136731
0.378571	0.012000	1866.484493
0.378571	0.016000	1932.466662
0.378571	0.020000	2002.637460
0.378571	0.024000	2028.941297
0.378571	0.028000	2071.571664
0.378571	0.032000	2100.706198
0.378571	0.036000	2112.497586
0.378571	0.040000	2140.615504
0.378571	0.044000	2185.059953
0.378571	0.048000	2245.830933
0.378571	0.052000	2311.582516
0.378571	0.056000	2341.514475
0.378571	0.060000	2387.772965
0.378571	0.064000	2450.357985
0.378571	0.068000	2470.717509
0.427143	-0.068000	624.928038
0.427143	-0.064000	609.508528
0.427143	-0.060000	610.415549
0.427143	-0.056000	627.649100
0.427143	-0.052000	628.990782
0.427143	-0.048000	615.385353
0.427143	-0.044000	618.106455
0.427143	-0.040000	637.154088
0.427143	-0.036000	672.528251
0.427143	-0.032000	724.228945
0.427143	-0.028000	792.256169
0.427143	-0.024000	876.609925
0.427143	-0.020000	977.290210
0.427143	-0.016000	1094.297027
0.427143	-0.012000	1227.630374
0.427143	-0.008000	1377.290251
0.427143	-0.004000	1481.771852
0.427143	-0.000000	1600.592709
0.427143	0.004000	1735.740097
0.427143	0.008000	1887.214015
0.427143	0.012000	2055.014464
0.427143	0.016000	2122.036100
0.427143	0.020000	2192.206899
0.427143	0.024000	2218.510735
0.427143	0.028000	2231.318625
0.427143	0.032000	2226.783482
0.427143	0.036000	2238.574870
0.427143	0.040000	2266.692789
0.427143	0.044000	2311.137238
0.427143	0.048000	2362.850882
0.427143	0.052000	2376.456311
0.427143	0.056000	2406.388270
0.427143	0.060000	2452.646760
0.427143	0.064000	2515.231780
0.427143	0.068000	2533.302626
0.475714	-0.068000	640.347525
0.475714	-0.064000	624.928015
0.475714	-0.060000	625.835035
0.475714	-0.056000	643.068586
0.475714	-0.052000	644.410268
0.475714	-0.048000	630.804840
0.475714	-0.044000	633.525942
0.475714	-0.040000	652.573575
0.475714	-0.036000	687.947738
0.475714	-0.032000	739.648432
0.475714	-0.028000	807.675656
0.475714	-0.024000	892.029411
0.475714	-0.020000	992.709697
0.475714	-0.016000	1109.716513
0.475714	-0.012000	1243.049860
0.475714	-0.008000	1392.709738
0.475714	-0.004000	1558.696146
0.475714	-0.000000	1689.382942
0.475714	0.004000	1824.530330
0.475714	0.008000	1976.004248
0.475714	0.012000	2143.804697
0.475714	0.016000	2327.931677
0.475714	0.020000	2345.628450
0.475714	0.024000	2371.932287
0.475714	0.028000	2362.591198
0.475714	0.032000	2358.056055
0.475714	0.036000	2369.847443
0.475714	0.040000	2397.965361
0.475714	0.044000	2380.991471
0.475714	0.048000	2378.270369
0.475714	0.052000	2391.875797
0.475714	0.056000	2421.807756
0.475714	0.060000	2468.066246
0.475714	0.064000	2530.651267
0.475714	0.068000	2548.722113
